,0
0,-0.0011917522550561202
1,9.855876868921986e-06
2,0.002206491458327683
3,-0.00014071165048055867
4,0.001107052380771878
5,-0.001486417527180461
6,-0.006154273182960078
7,-0.0030844848408189637
8,-0.0019145165656332095
9,-0.003336989372745098
10,0.00019648183855483156
11,0.00012020524379983657
12,-0.0010057375495244735
13,0.0006253898651206497
14,0.0012935939301384877
15,-0.0001287596726784833
16,-0.00035047792770448303
17,0.0016283912165698114
18,0.00021469991790363895
19,-0.002351092835363786
20,-0.0008121686634472879
21,0.0025322026589652768
22,-0.004133807734988364
23,0.00012319929732103614
24,0.0007617765424248766
25,-0.03558097069510107
26,-0.018790987788885407
27,0.011282837147944987
28,-0.10895976849924542
29,-0.039459025952830795
30,-0.07380848484059169
31,0.017875629776394692
32,0.05399640126059081
33,0.03672454114366144
34,-0.00828018999164732
35,-0.07261041528075551
36,-0.07522449408739158
37,-0.09611311299422402
38,-0.049035523949732554
39,0.10644608957783623
40,0.08455488839557494
41,-0.0019195957190036139
42,0.10390367406496005
43,0.08933903728345874
44,0.10378630370305603
45,-0.015438687788728095
46,0.06552884753255836
47,0.06751609964660296
48,-0.05118633506485204
49,0.009128817318895744
50,0.07141414332702967
51,0.06393050268084377
52,0.12986761567140492
53,0.002530032897397929
54,-0.017103173574065968
55,-0.0461124749976961
56,-0.1890903169499247
57,-0.15639578846032762
58,-0.1477922901813804
59,-0.0880662122287409
60,-0.06478508687902551
61,-0.0809629456210005
62,-0.1163004095832028
63,0.13185217137812352
64,0.009554917474604815
65,0.05307189979214414
66,0.1257980170591828
67,0.01328504266821938
68,0.005872010647461466
69,-0.0562136502659575
70,-0.1263971432904443
71,0.15506147933151207
72,-0.13205295346877335
73,-0.11537625957491947
74,0.108543044298718
75,0.026509218370468175
76,-0.08462880020561103
77,-0.11121252307099447
78,0.017355829671556796
79,-0.0007732303208111558
80,0.12215812495890968
81,0.06607566500022888
82,-0.01030675619050814
83,-0.03917729987754862
84,-0.07145151381378492
85,0.05455787637112686
86,-0.039330629286446046
87,-0.0021898520201871466
88,-0.11618155642534833
89,-0.01900036238443402
90,-0.04601486481101108
91,-0.07702118774514381
92,0.01947887537380582
93,-0.07241723046126132
94,-0.029757820803583888
95,0.04913769226613375
96,0.05858886690375754
97,-0.09604960214664554
98,0.02599576016974182
99,-0.10688638493727771
100,-0.21644544254652093
101,0.06237323343055341
102,0.10943178228990563
103,-0.05281224105223695
104,-0.03667125979797943
105,0.06366943377713793
106,-0.14684070476427283
107,0.17807718781942902
108,-0.06678475093600104
109,-0.06551091085826262
110,-0.09552579934245352
111,-0.10012422626766355
112,-0.0873952729193939
113,0.08947246679057971
114,-0.02696225170686172
115,-0.10333578371524604
116,0.07148396789037446
117,-0.2141048916049783
118,-0.03907666135508482
119,0.10929955414257683
120,-0.0447790894117839
121,-0.2573006642667123
122,0.10916684112510087
123,0.05876674633224125
124,-0.18971545275251378
125,0.023275067371861528
126,0.013958956336660703
127,-0.0364121669335223
128,-0.024690216176973947
129,0.09991599734997178
130,0.10619858134292029
131,0.007103096850883001
132,0.0661998602546872
133,0.0502043526277014
134,-0.10506907272503305
135,0.016645583182000528
136,-0.011853140512213062
137,-0.08565268431844274
138,0.09356748574261038
139,0.11714077832371293
140,0.004356729491895692
141,-0.10691999416763558
142,-0.01696460399203465
143,-0.01632704439464753
144,0.08521007517041101
145,0.10327679853505597
146,-0.06219315039344804
147,0.024720380354969186
148,-0.04872519463772286
149,-0.06174329431189426
150,-0.03669455167948391
151,-0.06322832689164755
152,0.10446514524639199
153,-0.1015895033479563
154,-0.10085041835212956
155,-0.02037150685525821
156,0.1133994622905722
157,-0.09057701762733888
158,0.0834705015593102
159,0.09884144839021651
160,0.043292214825228444
161,0.017230142604794472
162,-0.015925460473945184
163,0.003216242328882479
164,-0.008992795687229788
165,-0.048512664207795576
166,-0.06366607679025929
167,0.022469205823317292
168,0.11077224833234814
169,0.08843554022590633
170,0.04164063538590162
171,0.07228963910381697
172,0.06531293715113058
173,0.038518333574373495
174,0.07269265059247025
175,-0.03843660358454001
176,0.0734720874660369
177,0.0926933056047562
178,-0.019926369847155435
179,0.014910866704204358
180,-0.08505751720977914
181,0.02534912456898867
182,0.10890642066865153
183,0.08584684904656137
184,0.008830014037629584
185,-0.05317266334076793
186,-0.04868575823213276
187,-0.07286787532287073
188,0.032558299742939494
189,-0.009884671591513062
190,0.07548314614926638
191,-0.02048327046577181
192,0.03953916845991875
193,0.0945851674339358
194,-0.029160179986172395
195,-0.11435899974799318
196,-0.08293040425733296
197,-0.03943583241426443
198,-0.015964402990373463
199,0.016234776713505452
200,-0.015717418431716288
201,-0.2951066477070648
202,0.013471741481110862
203,-0.08309579729686864
204,-0.040150537914209986
205,-0.06564352335204142
206,0.15215045809244263
207,0.0064455800827308285
208,0.31620193471711033
209,0.09284289074693808
210,-0.08415372277498728
211,-0.03267153242900362
212,-0.07402924602501855
213,0.0977754621238774
214,-0.11726201565009763
215,-0.10001357214922917
216,-0.07369558885405314
217,-0.08739318698092456
218,-0.05787562195657126
219,-0.11614700170137683
220,0.11486695307358577
221,0.0825830291273604
222,-0.3841790896880906
223,0.18960622125187454
224,0.22311139575574493
225,-0.3649189571702147
