,0
0,-0.0029198937504314455
1,0.0026787228946764164
2,0.00040907127197347385
3,-0.00247537255056533
4,-0.0025490414428216
5,0.0033353740806007543
6,-0.0004825622024063806
7,-0.0017477766776303539
8,-0.0007543960500654388
9,-0.001172060812647628
10,0.0001437065125825383
11,0.003392808499083705
12,0.003454264526112438
13,0.0006407378350477025
14,-0.00014681275187814133
15,1.5922878036267704e-05
16,-0.0011093643552491787
17,-0.00028504251466782095
18,-0.0031684423479777413
19,-0.0004281953246813501
20,0.0007566503119135633
21,-3.711212836890079e-07
22,5.799912069779128e-05
23,0.002216712078975197
24,-0.0004058520867695402
25,-0.06950830968755926
26,0.040212861378738834
27,-0.04455847238956893
28,0.010163172877896979
29,0.07853323200847864
30,0.11663339224465115
31,0.0819574823990546
32,-0.1144673881013549
33,0.07775080631931265
34,-0.011588970799277487
35,-0.10722997367798677
36,0.04938361536412974
37,-0.08328992574058447
38,-0.04540941925393495
39,0.030938277169638827
40,-0.05318127213249749
41,-0.11742484054131722
42,0.02837609987662468
43,-0.010269053235628463
44,-0.012115405513163813
45,-0.021384667679406288
46,0.021093688732292674
47,0.004980041971618964
48,-0.05507014917478571
49,-0.10697577785484538
50,-0.08166403390687772
51,0.08766985662701647
52,0.13312274443986488
53,-0.10926632950702807
54,-0.13415359753341385
55,0.10758147892169623
56,-0.0033601020095688694
57,0.026959797630482937
58,0.09355910076790741
59,0.099299362741332
60,-0.11004643913849786
61,0.06463681890121531
62,0.01984103851344063
63,-0.01594671100982564
64,0.09803639589869806
65,-0.09137114488596429
66,-0.08643367323062105
67,-0.11405451136815989
68,-0.08698375853948055
69,-0.09440727922861385
70,0.10654315320009072
71,0.11549353014934916
72,0.0946674044736748
73,0.12117118061891374
74,0.04089081502276257
75,-0.08144671151067673
76,0.041334818856157994
77,0.04205812121524569
78,0.03737227086808524
79,0.06427933739552204
80,-0.0019599155455178696
81,0.05974327522316416
82,0.10615375993029014
83,-0.04300933023702456
84,-0.058180072399430606
85,-0.06044607763361251
86,-0.01217239351776745
87,0.1042577881582524
88,-0.08812165497735328
89,0.11417139043276389
90,0.023235488765918584
91,0.04228163444428445
92,0.12100639000501391
93,0.035928488895387
94,0.0012542187161075865
95,0.02929718025823911
96,0.08701023028512328
97,0.024380356240571038
98,-0.06931260741044927
99,-0.08478928574337816
100,-0.10260250877997153
101,-0.0872066687364076
102,-0.12619998113991202
103,-0.019535304528127583
104,0.13942779473220995
105,0.1281061938390235
106,-0.025090504339539133
107,0.023984957425595744
108,-0.17790283014407943
109,-0.22766388720358938
110,-0.01907769475580606
111,-0.07353847640013207
112,0.12056608578025553
113,0.060107728166200455
114,0.021197754848813335
115,-0.06540267164051966
116,0.14109538823919696
117,0.16234706559545786
118,-0.11089129809508892
119,-0.07412553877393252
120,-0.17728280770929528
121,0.0897883846754412
122,0.04896867327323382
123,0.056396647403946794
124,0.08098983872021133
125,-0.0897340557704961
126,-0.010325568348284188
127,-0.1174489484333395
128,-0.0967247626957741
129,0.01734735246566499
130,-0.0483341965623288
131,0.028456021154429394
132,-0.008654384196983483
133,-0.00014826031837166648
134,-0.015916285180263643
135,-0.11404479940024709
136,0.10271414475919065
137,-0.019087879691456564
138,-0.023109940835274588
139,0.057830326735629246
140,0.04540815493161829
141,0.045339921977633695
142,-0.08304999652773688
143,0.02932418660103074
144,-0.03868990884991695
145,-0.06560771324054757
146,0.09053807883265941
147,-0.10940733610983411
148,-0.039478055590237864
149,0.1153876658856966
150,-0.038365870612712655
151,-0.11666288186946817
152,-0.077072105006761
153,0.06400705437710756
154,-0.012516975688440221
155,0.023273673067251133
156,0.047161481565962365
157,-0.09668679353714477
158,-0.018822056789306228
159,-0.027888109933204244
160,-0.010873734740477477
161,-0.07523699619582815
162,0.011965136795077259
163,0.01955418582571977
164,-0.09237473697857801
165,-0.07436356809119166
166,-0.012741068837050833
167,0.06297310426203516
168,-0.08386017692241855
169,-0.09336886879727022
170,-0.12022397016942381
171,0.11712750461357334
172,0.09316903132987565
173,-0.07085705592074554
174,0.11168535822566797
175,0.010055676207289753
176,0.10887571238116868
177,-0.09490483249314087
178,-0.021066717912930757
179,-0.09224169156310166
180,0.05827322506111109
181,-0.07177648772690115
182,0.048907421049420446
183,0.031945832704929046
184,0.020430629227876973
185,0.11592018407422604
186,0.06365320721759796
187,0.02324719519148784
188,0.04524993776809703
189,-0.03309068814133362
190,-0.0038360996201317775
191,0.04200398963055084
192,0.027830931668654992
193,-0.03316288291578945
194,-0.01018422669719246
195,-0.016405600565171465
196,0.04380494478321186
197,0.025662933406073098
198,-0.02520114677612324
199,0.09987103723867553
200,-0.07701595468229697
201,0.03446274517437143
202,-0.14233322581389216
203,-0.2518053388502205
204,0.07420699265727963
205,0.26441835375838796
206,-0.12389849217071502
207,-0.019066505700142962
208,0.054985315178102165
209,-0.27587090770062334
210,-0.2741139805124928
211,0.06638736794180712
212,-0.12737651549083795
213,0.05858369935250274
214,0.08274550798436242
215,0.008460983197308876
216,-0.07290278410583914
217,0.24966314646980706
218,0.29255141745281976
219,0.03926473858033026
220,-0.0676374972803037
221,-0.2363706586950323
222,-0.06789558264067289
223,-0.01192839542315683
224,-0.10759884304724161
225,0.016618800844680953
