,0
0,2.645076789485873e-05
1,0.0009465908461549407
2,-0.00012507815916549902
3,-0.0008661494072466698
4,4.118295293764989e-05
5,-0.00023169360981247525
6,-0.000636955263547569
7,-9.883664885319685e-05
8,-6.950955445068552e-07
9,0.00045466443469102365
10,-0.0004341314065620069
11,2.563229057372387e-05
12,-6.488021165444492e-05
13,0.0001421349570388481
14,0.0007184664020455071
15,0.0010909566395938303
16,-7.76795079898092e-05
17,9.65284936575321e-05
18,-0.0005710871485329519
19,0.00030440714526192063
20,7.802160097130472e-05
21,9.086293377539076e-05
22,0.00018022174078219608
23,-0.00023190074160403803
24,-0.0007286850848484861
25,0.11764957413841295
26,-0.041280895699321134
27,-0.006872329411367537
28,0.0781811299872318
29,-0.005800338994800684
30,-0.1044150991659763
31,-0.088323725152171
32,-0.014528154581335028
33,-0.052267437068413254
34,-0.07261667913066935
35,-0.034140831544565646
36,-0.034400746471733745
37,-0.05089884069537692
38,-0.07420191736024828
39,0.035501567406161186
40,-0.0701879450565259
41,0.08681554070391398
42,-0.1119220626755112
43,0.11267976708801818
44,0.0002830801101539115
45,-0.11374472909208588
46,0.020790472881751138
47,0.016692841666670292
48,-0.022464881163462642
49,-0.02638527990184969
50,0.0015346085251416001
51,0.013536920978079747
52,0.09258598643391236
53,-0.036307324971802474
54,0.10846687574019905
55,0.08086689344027725
56,0.02740153920045421
57,-0.025120829361841925
58,-0.11805762049799651
59,0.037455514672231134
60,-0.006019800239888391
61,-0.11562700424335921
62,-0.08622159768332116
63,0.11355544527459345
64,0.04344854811162244
65,0.0663884859589277
66,0.08558936944061393
67,0.11073109450854758
68,0.009979697298378755
69,0.03962420502494558
70,0.10898438296122308
71,-0.06249655760034092
72,0.10539247942722256
73,-0.08011101023740072
74,-0.030552531512459673
75,0.06659582258952297
76,0.029523652197088385
77,-0.11538558139150012
78,0.06808238758923843
79,-0.11616832981925207
80,0.06656980639448737
81,-0.04879191712829016
82,0.057298683492138965
83,-0.03911145393175153
84,-0.09301597625502125
85,0.011809519354457097
86,-0.030478434238341054
87,-0.07490111991059363
88,-0.11567964639621602
89,-0.014527961102798121
90,-0.08936832762414287
91,0.004694037401018316
92,0.11689333726831877
93,-0.0076003767723676246
94,-0.0735075431531934
95,-0.1046268591173354
96,-0.04062454687663233
97,0.07311361332375808
98,-0.10940132857624678
99,-0.09191605280303462
100,0.001194299143236128
101,0.10156995627900535
102,-0.04443836862181062
103,-0.04586878053101434
104,0.07467269958804063
105,0.08920093819083408
106,-0.09617806206881185
107,0.00274491338063919
108,-0.020718918894994453
109,0.034014619127729774
110,0.11195592147937429
111,-0.10820836147181884
112,0.03462128918196565
113,-0.028031620823347456
114,-0.06319171588503714
115,-0.0452363812273382
116,0.1037672983656679
117,0.12043871734610283
118,-0.021649880625030177
119,-0.06054488607571497
120,-0.0492632316087382
121,-0.06823993274751816
122,-0.0883018542831751
123,0.08571131647032088
124,0.019501144861557705
125,-0.04344038824239405
126,-0.05345636583900952
127,0.029766978311616843
128,-0.07613468356630124
129,-0.029292984216095854
130,0.011935784240060272
131,0.015406480044498709
132,-0.0716943834730183
133,-0.016702134094976583
134,0.0087853056806973
135,-0.014409044469153462
136,0.0393656809194895
137,0.09666470402723959
138,0.11295021058411346
139,-0.03387257122630585
140,-0.07016246495399016
141,0.058289671498599184
142,0.09937470261435978
143,-0.05075453930739689
144,-0.01388027968889188
145,-0.02711257705204482
146,0.11934790961772623
147,-0.0709259937891527
148,0.07688406423755971
149,-0.05456847397355501
150,-0.013299659854006295
151,-0.005747332980989978
152,-0.038387964675243705
153,0.05915491107661334
154,-0.0417795208400488
155,0.08347198006189006
156,-0.07487675920110487
157,-0.11768900953747703
158,-0.08818603277941002
159,0.018070865578188048
160,0.11321212944981826
161,0.04591382227334771
162,0.02828817000438538
163,-0.048372436812963
164,-0.1045493107256978
165,0.037043902159687205
166,0.014662980604003025
167,0.0523794310700252
168,-0.06487252799911619
169,-0.042783893085374725
170,-0.015761912261324357
171,0.018528432260013834
172,0.016092038301835566
173,-0.03803646773881427
174,0.08903084940058695
175,-0.09652621021069367
176,0.02086337742668452
177,0.019849117905394738
178,0.004560909501510489
179,-0.029470541837211456
180,0.1155097971761466
181,0.052037768130221936
182,-0.062083014937221105
183,0.08858256508773667
184,0.008099200530122995
185,0.02348235315056523
186,-0.01428561449722587
187,0.010758863338331797
188,-0.016269931729100396
189,-0.05128027612034151
190,-0.039046198554540515
191,0.05376547883724851
192,-0.11393447263190634
193,-0.008161959064555595
194,-0.02315003975031594
195,-0.04704365245143045
196,0.08893675792192238
197,0.03266742417612634
198,-0.036341619717262255
199,-0.05000700154831415
200,-0.03791640647285698
201,-0.024705091076201547
202,-0.09867776409682957
203,0.005985820869450549
204,0.06023068307107689
205,-0.08559558893547661
206,0.08294777687105155
207,0.02920008142532249
208,0.0014381927861393494
209,0.00035579767774208894
210,-0.0708483331020088
211,0.024985016440564015
212,-0.05818499954374883
213,0.0325891215864378
214,-0.15837439817875962
215,-0.08703177672684448
216,-0.12346392594120603
217,0.03976210885594373
218,-0.13733232421869257
219,0.03745274012112552
220,-0.05522976779622826
221,-0.07298187343358686
222,-0.030039599803908204
223,-0.0886426729560606
224,0.03331200897820752
225,0.053750865746528306
