,0
0,0.0030829771598689386
1,3.891157998411174e-05
2,-0.00021200803854921823
3,-0.000757659113961839
4,0.0007835779922313406
5,0.000646833091900651
6,0.0021663292502406366
7,0.0002367920882287639
8,-0.003808869027558535
9,-0.0022082240436866493
10,8.494901869802624e-05
11,0.0018987376443071167
12,-0.0001062692954558174
13,7.209608356699807e-05
14,-0.0014844180079090312
15,0.000355428192521582
16,-0.0032308739159015304
17,0.004107398329189344
18,-0.0023378656165960014
19,0.005307946114026246
20,0.00024257177053104426
21,-0.0021607953266587687
22,0.0009278103563186391
23,0.0001326300055498646
24,0.0003589763943424782
25,0.04731822684014211
26,0.08780655514116753
27,0.05943796954889937
28,0.0637465744492025
29,0.05959366811344563
30,-0.09734222413511372
31,-0.03771844978077108
32,0.084762273325193
33,0.09452920958077016
34,-0.003573986440624161
35,0.04396585409753215
36,-0.10373058104381094
37,0.09983082488049592
38,0.035504886904238794
39,0.09555160926137861
40,0.07871881621661493
41,-0.04443551854354654
42,-0.031664271560135904
43,-0.07070816559741223
44,-0.08291061552270058
45,-0.0897100729883125
46,0.11792385659334494
47,-0.07054130969559937
48,-0.034309192417239544
49,-0.06835526483794714
50,0.06317909146055962
51,-0.11786661235536343
52,-0.0986511159153128
53,-0.10943089253886434
54,-0.025983343973273555
55,-0.03544423564468763
56,0.042185760337657904
57,-0.036853304415401605
58,-0.14264695799722427
59,-0.049127185866082564
60,0.14536176772140375
61,0.0012260707620024881
62,0.095504282400406
63,-0.11686782459754065
64,0.05024520566290909
65,0.08414462886148899
66,-0.10760846549301498
67,0.17252932036524016
68,-0.015480372212025742
69,0.17316411691131983
70,-0.036399598935089206
71,0.08567326914160725
72,-0.07875063354323057
73,0.10192795642131769
74,0.06450244709355851
75,-0.03561187420539796
76,0.0986327469357852
77,-0.05281897501075979
78,0.048708016802899656
79,-0.06075137047089821
80,0.0778323580415166
81,-0.07564496747347713
82,-0.08514337301286942
83,0.06621654653616997
84,0.047220525728117226
85,0.10997537587283522
86,-0.12020449080598866
87,0.038012231344511455
88,0.05145517799952708
89,-0.0024677757195792904
90,-0.09880334780184044
91,0.11006702144660888
92,-0.005658036016346039
93,0.03942379538746359
94,-0.10869560692634125
95,-0.10169899730228106
96,-0.13350313791121082
97,-0.0004710231964625987
98,-0.07636548191382753
99,0.0784703822872646
100,-0.07069333236336366
101,-0.11493267450504774
102,-0.03865040561159655
103,-0.10680001679758332
104,0.11952403810217259
105,-0.10744108110079127
106,-0.21429522181868002
107,0.006960741900389912
108,0.1486823510799617
109,-0.059239939904092834
110,-0.00016577993961756216
111,-0.07839221135030697
112,0.015031941967590546
113,0.01348560429521405
114,-0.10386714054484222
115,0.031913523930547825
116,0.15018376416872312
117,-0.19507872994357545
118,0.03984059351014911
119,0.05701074315227008
120,-0.08827008527523157
121,-0.23532982722196413
122,0.10809356956988102
123,-0.14279832938382298
124,-0.0031466732447288175
125,0.07892456553099929
126,-0.05321727948982669
127,-0.06554415584091194
128,0.016388904607196435
129,0.09867127979018245
130,-0.0014696709407817957
131,0.055955620868944414
132,-0.02354100106159491
133,-0.012571840041676998
134,-0.052555038195071534
135,-0.07339269787377224
136,0.07641768947737065
137,0.0992342300318756
138,-0.0961631189414712
139,0.04778353577837279
140,-0.0359732641384618
141,-0.09120881321977152
142,0.0629794049269862
143,0.04528758900514754
144,0.06567928534091906
145,0.04096701920933458
146,-0.08039645212524996
147,-0.10585897453113359
148,-0.048071822506453046
149,0.07950107577493785
150,-0.09143911376527936
151,0.08939219828303374
152,0.06313967123979156
153,0.09874064356593497
154,0.040081953818921295
155,-0.11929681550654887
156,0.04115598144273688
157,0.04414843555507666
158,-0.07064301411611847
159,-0.07826214534572923
160,0.08639260604291206
161,0.006544531364755305
162,-0.05802158322808079
163,0.08075261121201578
164,-0.05159019454993745
165,0.07352414721257466
166,0.11042955126373444
167,-0.0030148044191623067
168,-0.11618194914605963
169,0.010251128404900342
170,0.03438567891747337
171,0.041337879328132945
172,-0.001204590415594174
173,0.04863006385277922
174,0.05913001313146695
175,-0.10011072474360866
176,-0.05897487962100172
177,-0.05065558141684601
178,-0.06018702695553152
179,0.05247747601487219
180,0.02403594828823242
181,0.10601918796333708
182,0.08276535519633202
183,-0.10133098094163237
184,-0.026400562161280648
185,-0.024580028081187418
186,-0.10485581853996452
187,0.024349239673726587
188,0.03555589889279117
189,-0.00740300261883459
190,0.007476086221297092
191,0.0463896122128996
192,0.09907046472760524
193,-0.10226068763060553
194,0.09547870386377849
195,0.06490557492896
196,-0.09705753123881199
197,0.03486271796740344
198,0.09826911492838754
199,-0.07014734295443739
200,-0.054682585336598824
201,-0.11174191111011053
202,0.037146878163782454
203,0.03267376394632393
204,-0.011907364107331814
205,0.1345226642668721
206,-0.056277806049849895
207,-0.09034776250993323
208,0.02939001439122916
209,0.2572963664768586
210,-0.07099600879515006
211,-0.1509183268032267
212,-0.12209023481155448
213,-0.008983645001654876
214,0.08055750181421881
215,-0.14774596096384976
216,-0.05183060034465404
217,0.19642168828239082
218,-0.29803345586134095
219,0.08457014704218971
220,-0.03904720897060705
221,-0.0326069216419769
222,-0.41180588758754477
223,0.22947723257083696
224,-0.2653987848748314
225,0.000975154132098306
