,0
0,-0.04662733081858141
1,0.04383980057570151
2,0.2623605386908684
3,0.04483436846519267
4,-0.583434147273408
5,0.19178779118411163
6,0.11854981031390484
7,0.045594816684420524
8,-0.0213587456068862
9,-0.006685398347713749
10,-0.2070856419555103
11,-0.7587160696288336
12,0.23035805055833297
13,0.41414150217882484
14,-0.22016195373908423
15,-0.039806628761565196
16,0.03584045986300205
17,-0.005734151848119269
18,0.07185633168036623
19,-0.1471568906619927
20,0.04821073280343084
21,-0.03798784048766008
22,-0.5520022050366188
23,-0.04573675298010361
24,-0.2517514863654922
25,-0.08686252672430167
26,0.05434008999160067
27,0.37861265126212335
28,0.11677209311179478
29,-0.061960694867380386
30,0.32014382186501494
31,0.14145907393515916
32,0.08204956146745712
33,0.0048948493314601
34,0.0230247226768677
35,1.2904505951570926
36,-0.8510438291234514
37,0.23953428550901343
38,0.10868707860667685
39,0.9082513852157617
40,-0.031548271286267
41,0.05581145005557307
42,0.09049394874130673
43,0.376479753149205
44,-0.08578011298473219
45,0.04481156762509975
46,-0.1925935899164411
47,-0.653435247729179
48,-0.09080640103176546
49,1.1590748186629858
50,-0.24647572167433615
51,0.0854998899058298
52,-0.34140235747438036
53,0.15423627279581406
54,0.06502645283906724
55,-0.11841352155578411
56,-0.2904559516811796
57,0.15054458849086075
58,0.14980019496369024
59,0.01774742387036777
60,-0.021688829457726856
61,0.031782724992099894
62,-0.11744329208171604
63,0.18895913633539413
64,0.0056459530693886255
65,0.012118621934681904
66,0.11369659991635209
67,0.2165401845644451
68,-0.06636022652839531
69,0.36824547784721157
70,0.09113748982039196
71,-0.12392534636577038
72,0.47680099417407673
73,-0.21467382169087912
74,-0.02119537033346113
75,0.008119884873980875
76,-0.017986573172700256
77,-0.2734649337054807
78,-0.00698947063671456
79,-0.1941771666854414
80,0.27531255472923133
81,-0.07677108713367396
82,-0.015924887432685202
83,-0.021334986999642862
84,0.006437532447641295
85,-2.55295271520518
86,-0.6488219433557553
87,0.3868400823070638
88,0.08450178227668696
89,-1.878057066816732
90,0.009154966885986618
91,-0.0036598077920651562
92,0.02914931271706995
93,0.015549723606186472
94,0.08376516065557517
95,0.011242213867470784
96,-0.02368742999846939
97,0.1939618235146114
98,-0.02767408911675967
99,-2.1263962352021033
100,-0.16922578102258964
101,0.27436527581403625
102,0.15795424022549706
103,0.1798738484355706
104,-0.08165262756394598
105,0.10371426248283379
106,0.025605818179577407
107,0.23728353256961668
108,0.21599287048537275
109,0.038093788487628455
110,0.009240200602121178
111,0.027575427058248007
112,0.12379429480824745
113,-0.04846998119628022
114,-0.0019404749791490118
115,0.02748834062718046
116,0.20781076546173535
117,-0.24844695636842196
118,0.47322385604054173
119,-0.03410555574200451
120,0.2609488453327336
121,-0.2635530215603926
122,-0.04146078119183866
123,-0.22258170225152063
124,0.00973512042810726
125,-0.00811613151222845
126,0.015521464455771837
127,-1.7382977819688188
128,0.015185473236053095
129,1.0039393947619493
130,0.30669630164488704
131,-0.1961680319654206
132,0.035211079860904194
133,-0.004164913228413218
134,0.015551767827609543
135,-0.11620217535540374
136,0.7692347174150171
137,0.5048693489215514
138,-0.7313353641054899
139,0.1565639070089976
140,0.02044115434328314
141,0.009126804413515162
142,-0.008795467894818696
143,0.052831446804642794
144,0.21835950155508546
145,0.003341818752450682
146,-0.026882378993939162
147,0.3349619570571425
148,-0.010106764641665884
149,-0.042345034315880346
150,-0.03151852487873991
151,0.008795666015326687
152,-0.2159348777435461
153,0.024702855183304045
154,0.3170812758640485
155,0.097560427438317
156,0.12140395354826097
157,0.025109106295101585
158,-0.009494108921578712
159,0.03086203300001472
160,0.29059329874881346
161,-0.34804304653188434
162,0.30641116870388124
163,0.17599375596064232
164,0.10531671076774847
165,-0.04033130409424903
166,0.025532410203485338
167,0.05041192214650111
168,-0.006580352441418921
169,-0.10620433363079408
170,0.03229672314730222
171,-0.017458352883065922
172,-0.4684793601186854
173,-0.03594662918989769
174,0.224300934893751
175,-0.0029825217762755023
176,0.017448410952819814
177,-0.23737860347731152
178,0.005288530476136543
179,-0.2042903491580491
180,0.1550338606985018
181,0.000396758036611797
182,0.02570924699281663
183,-0.01137873927632039
184,-0.0002631492770440865
185,-0.3422605881573376
186,0.023889587938393818
187,0.18118708717429444
188,0.3176852754881305
189,-0.1482154779191871
190,-0.020944588781603733
191,0.01179746876411175
192,0.024100833494148977
193,-0.10249230294879268
194,-0.0005698824041866603
195,0.02264271487198173
196,0.004813297445716059
197,0.12980815669514226
198,-0.037866105676707146
199,-0.2205538392951026
200,0.9440487530994299
201,-0.02256202146621964
202,0.48064625675212425
203,1.4567095534509424
204,0.6156349678267233
205,-0.9303588135751732
206,0.39026287364602597
207,0.4665472836176373
208,0.5160521884716237
209,0.4817683080933246
210,0.20371144505158703
211,-2.637121886674866
212,-1.6300625005340454
213,0.7571609432667946
214,1.1399833480567827
215,-1.8879327866441036
216,-0.09194076110856358
217,0.5274088932891459
218,0.35908302366584294
219,0.7996352360715143
220,-0.4651418831369492
221,0.5034060042395608
222,-0.07597446341249285
223,-1.4213248870982884
224,-0.09375284085672413
225,-2.0928076281530195
