,0
0,0.0018874321964683504
1,-0.003087929434577652
2,8.024051752984562e-05
3,-0.0003569886745651509
4,-0.00044391835850904083
5,-0.0012426818905722987
6,0.002176031682815474
7,-0.001518135487798151
8,-0.0009601121250614942
9,0.003991725890289133
10,-0.00033967225158827735
11,-0.0014650743324993202
12,-0.0018858928021640452
13,-6.671510386608879e-07
14,-0.0007542342541852523
15,0.001652349859485903
16,-0.0004089030254942597
17,-0.0005146435738551277
18,0.0008050695261543037
19,-0.001045467326661851
20,0.00032512347732995277
21,-0.00038274717133017646
22,0.0014597300630458062
23,-4.614829720192536e-05
24,-0.0002196687852760057
25,0.07097298990007553
26,0.10744670535313428
27,-0.09861768809858422
28,-0.08444019638672264
29,0.08283532628979981
30,-0.021462401669263928
31,-0.02881747412085669
32,-0.03369059855299186
33,-0.006756862852428842
34,0.06657433794748543
35,0.05249971463820285
36,-0.03615010096328818
37,0.03540048855836946
38,0.04419767531779005
39,0.04918784073281743
40,0.131827549731273
41,-0.08765317550226721
42,-0.11840396763230691
43,-0.08020902145294248
44,0.07287221994390122
45,0.10882292991950869
46,-0.022057981621526914
47,0.06124179028397748
48,0.015476373135418687
49,0.09644352132087863
50,0.02071195234166877
51,-0.08583602487532205
52,0.065473761599382
53,-0.09990615857140078
54,0.049087678763097366
55,-0.0815491649573748
56,0.0008278329531713636
57,-0.09116861504191758
58,-0.019705523318498543
59,0.07086859028432461
60,-0.08505467854764169
61,-0.11441895669253076
62,-0.10334841918671853
63,-0.11874307561152035
64,0.0652318544433472
65,0.07042581945936081
66,0.08801021067288965
67,-0.11752870327256652
68,0.1320315673637176
69,0.08167584606131789
70,-0.07711895698370397
71,0.02220541111032055
72,0.0945579193538444
73,0.09567292812754977
74,0.11744150660004071
75,0.007874474424628377
76,0.007715415819004943
77,0.0660487821026832
78,-0.028402854179871317
79,-0.10326135415221156
80,-0.07054539167098962
81,-0.039924798221121965
82,0.07371651644764446
83,-0.020444666685429755
84,-0.12076360524547833
85,-0.08910487058274179
86,0.10107461352419812
87,0.011845336575810161
88,-0.0936733300290061
89,-0.060471387979427076
90,-0.04411254001440029
91,0.08249645754506443
92,-0.05743141588579429
93,-0.034173094361553975
94,-0.033662617346544604
95,-0.02206249206531414
96,-0.020617664316507394
97,-0.022499749666965517
98,0.10320929311703711
99,-0.12516242703586936
100,-0.09276527843211868
101,0.06531080909915296
102,0.019854987501112517
103,0.09967358911111662
104,-0.14937510969288054
105,-0.10378128521814942
106,0.06290704882560409
107,0.09568419645553224
108,0.10261215489400909
109,0.12319718818350012
110,-0.10622691264324986
111,0.08289352801378266
112,-0.07953001482322
113,-0.09422986301341124
114,-0.206953440211619
115,-0.23341817226750197
116,0.047201466305071126
117,0.10899607610592804
118,0.024384518380406523
119,-0.20516358407710458
120,-0.06840949696018311
121,0.05837339461572512
122,-0.09016676810135264
123,0.007111125833940131
124,-0.12959597444122092
125,-0.03131967264592419
126,0.0575947409089878
127,0.02980396356907665
128,-0.03727052338936276
129,-0.06098875879206006
130,0.03885307211924747
131,0.032637647601377606
132,-0.003439070534579532
133,-0.03498960642471997
134,-0.09075896856181319
135,0.039123296661077014
136,-0.07994275789077188
137,-0.021727759801771548
138,0.09418934825414514
139,-0.04095991824804237
140,-0.0427941883754956
141,-0.03352426533550532
142,-0.004101681083603331
143,-0.0617144348078792
144,-0.07572875538006339
145,-0.07107980786437958
146,-0.05636224198785585
147,0.01332412383874204
148,0.009939156841945712
149,-0.07939443451523463
150,-0.005813675225006716
151,-0.10594741249324
152,0.028870286381672335
153,-0.07075704987392667
154,0.07435098957644642
155,-0.0823176235688547
156,-0.10159954928785657
157,-0.052685580939519645
158,-0.05588019005177029
159,-0.04172340274490867
160,-0.07621041147510134
161,0.011475361461808631
162,-0.11320431986929635
163,0.020329029409256016
164,-0.011968103652698719
165,0.06261510430146573
166,-0.009889701260233476
167,-0.10568689865633556
168,-0.05488743857731764
169,-0.06849391614554845
170,-0.09175089141344044
171,-0.009003583162893573
172,0.10755701325628801
173,-0.06645879236094962
174,0.04233016792302641
175,-0.07129671274012594
176,0.08553329962526716
177,0.0496093627665623
178,0.04537521762102092
179,-0.09818243136771039
180,0.11836543503079354
181,-0.0697592220545104
182,0.05437748726580283
183,-0.07644771443160232
184,0.04735962600573383
185,-0.04998934807868192
186,-0.010549292252184473
187,0.04287997602117378
188,0.08065782495790025
189,0.04245557471820943
190,-0.013726328764151544
191,-0.006017159954976225
192,0.06984760746855562
193,0.11381171797769041
194,-0.089955114773353
195,-0.11493390204197708
196,-0.04030123433047617
197,-0.07271570960776463
198,0.10124594150956624
199,0.047940777944515595
200,-0.08679859004685798
201,-0.10148250097300773
202,0.08283885933947108
203,-0.02602606469157405
204,0.1829625067704068
205,-0.1691631877217578
206,0.03443700311932831
207,0.03475969545390383
208,0.1739688015031073
209,0.03491575176703486
210,-0.01566995315658784
211,0.016650522922702818
212,0.19695345281303042
213,0.051798949369527954
214,0.018694165929480196
215,-0.1964081753621311
216,-0.21335491248065094
217,0.004055275063303073
218,0.20155423144918194
219,-0.12244702767775646
220,-0.35395977584507865
221,-0.04230111395350138
222,0.0004420456043097401
223,-0.18221406173548244
224,-0.043024084296574096
225,-0.2682413600821059
