,0
0,-8.696330048185243e-05
1,-0.0001998092102573876
2,-0.0005145148368433252
3,-6.309702360501082e-05
4,0.00028849332709263934
5,0.0006025496343506552
6,0.001088317273020489
7,8.298962164469933e-05
8,0.0005980373062705312
9,-0.0010155048075277588
10,0.0009424072705563094
11,7.115704038501819e-06
12,-0.00018389961181284792
13,9.556457464245288e-05
14,8.774212007528918e-05
15,0.001072433876701922
16,-0.0001672280840151227
17,-0.00020304884571561855
18,-0.00036312791873381286
19,-0.00133586169192123
20,0.0003299284238895153
21,-0.000982855633175049
22,-0.0011862630547889372
23,-0.0013605413567927415
24,0.00014495638138006198
25,0.05477770933027028
26,-0.098316951661501
27,-0.08227737056089962
28,-0.02888974884296535
29,0.10966552912265187
30,-0.10769054785510193
31,-0.08010268839256482
32,0.023694867153674967
33,0.09111910010669477
34,-0.07154999597940115
35,-0.10972243063473187
36,-0.028020164276827998
37,0.11632438875437666
38,-0.048545793601231915
39,0.09644536371080806
40,-0.006780320215600111
41,0.08576321118173927
42,-0.01889462857021941
43,0.04915930434170042
44,0.030276706325313978
45,-0.056570230806030235
46,-0.013943274163567563
47,-0.11280639849575416
48,-0.09053965004730818
49,-0.08035225103302314
50,0.03804805950727995
51,-0.07369120089208227
52,-0.08819485858000034
53,-0.017204079248157707
54,-0.054308937407191754
55,0.08084944249930595
56,0.05407569874340086
57,0.0873986103402799
58,-0.07256882295770598
59,-0.07296195755702951
60,0.08248641831704707
61,-0.109464424381647
62,0.11235846063569935
63,0.11392657278128505
64,0.07403915747043596
65,0.12003624802993607
66,-0.09484507407836755
67,-0.05214812104468957
68,-0.09853525612472576
69,-0.022920212888542457
70,-0.0749522506367591
71,-0.08277790913685946
72,-0.07485931791497852
73,0.02382025504132179
74,0.10895379736115612
75,0.08500450142751705
76,-0.0670455582122357
77,-0.003919395919178978
78,0.023406771491465164
79,0.008231719079266337
80,-0.0054252327306320075
81,0.0068210402965429955
82,-0.08580095246444168
83,0.07848253665981532
84,0.01102176233247892
85,0.06995842916653859
86,0.06872887439084441
87,0.0992803393017555
88,-0.027441276660386735
89,-0.1114029249153444
90,-0.019233812333352494
91,0.11290147079185053
92,-0.01109010160460739
93,0.10124226671453329
94,-0.09913035469183287
95,0.03254576951607882
96,-0.09929010605601592
97,0.11108375193421423
98,0.002092188390429536
99,0.07020086489978186
100,-0.03154987567605448
101,0.008080453265643191
102,-0.028255632038641912
103,-0.007302511259107664
104,-0.08633444424867746
105,-0.04264000722240173
106,0.11836110678594042
107,0.11551612325947058
108,0.06468259120346537
109,0.05855670928201223
110,-0.004353027442936835
111,0.06010554768472342
112,-0.11733796857926876
113,0.03179158275418409
114,-0.03838295693231745
115,-0.08064540450885747
116,-0.03717672699708762
117,-0.024784126654911927
118,0.04936331878147342
119,0.029899848955801975
120,-0.04776692486981278
121,-0.01763259924076542
122,0.05006279414568719
123,-0.056598833631202126
124,0.03532596543094579
125,0.0887606146155225
126,-0.049456584444841106
127,-0.08678686871394742
128,-0.09703223406690314
129,0.0789146911431467
130,0.09867112157678634
131,0.07957116034835075
132,0.04478933299093857
133,0.032218922872912684
134,0.09910128921868194
135,0.04130805587886072
136,-0.07261998919469029
137,0.10831600104080742
138,0.09463255115636413
139,0.028588999087739222
140,-0.013459211068166855
141,-0.09478897434765886
142,0.08877547654121747
143,-0.09976616610104982
144,-0.05423861323261752
145,0.1006577784910931
146,0.11646977127771495
147,-0.04264949338521665
148,0.05137915149889592
149,-0.0961459209117252
150,-0.0037739812026153703
151,-0.024274576237536104
152,0.11798684502344098
153,-0.06851828122463613
154,-0.0850346597795227
155,-0.02719360541051814
156,-0.022757511907520293
157,0.11567673078691337
158,-0.10501349346842663
159,0.023008828614172052
160,0.05432558334683025
161,0.05297005865039285
162,-0.04751383172126328
163,-0.014825782845467294
164,-0.04080431543914556
165,0.0572180261854967
166,-0.03563231993489895
167,0.06429147793890361
168,0.0351509914891143
169,-0.09144041366226831
170,-0.03345608801655296
171,0.005809704519898186
172,0.04911599467744518
173,-0.01138678853345173
174,-0.06760890951448688
175,-0.01086164637836487
176,-0.11206809989780783
177,0.07382947928836894
178,0.022341495505238854
179,0.08034911937638756
180,0.04078668875868924
181,0.08038155551878635
182,-0.04546950117600226
183,0.02771035616069678
184,-0.03412040616784391
185,-0.004446771462604681
186,0.02504085668899653
187,-0.053411260315109246
188,-0.02572402600836566
189,-0.00812139913165776
190,0.1042419039312289
191,0.10194204604022036
192,0.10650361029495473
193,0.11899547208130737
194,-0.02715184528024294
195,-0.04353128097646199
196,-0.05527193825839956
197,0.023678336803806845
198,-0.11992801680294182
199,0.03690610217906607
200,-0.08613861083110898
201,-0.08071901914531027
202,0.02458668318089087
203,0.07330070809439188
204,-0.02951682610480203
205,-0.0406098195793486
206,-0.13128210468928164
207,-0.11936689767979464
208,-0.10956907974851124
209,-0.03636660483461314
210,0.07982192106403699
211,-0.12424450125457998
212,0.02040618269658288
213,-0.08626724055008955
214,-0.11793366822192597
215,-0.11534265801224505
216,-0.21254091451161128
217,0.022879793608509582
218,-0.005291843921143232
219,0.07628888197742696
220,0.004943155984862904
221,-0.0795450001772684
222,0.05231466212397989
223,0.05221619553539894
224,-0.017045970065155736
225,-0.11167748606479949
