,0
0,0.0001693054100640751
1,0.0001891826702595679
2,0.00047619543148729544
3,2.523671225315391e-05
4,2.5923143749010412e-05
5,-0.00039939867765499166
6,-0.0009101371623710389
7,-0.0001718903740288353
8,7.179134041938093e-05
9,8.434291677920839e-05
10,-0.00017494339399494918
11,0.00013229961758143277
12,-0.00010449151080590044
13,-0.00012401173416933236
14,-0.0010072686678707346
15,0.00016781915226550824
16,0.0010269873601359812
17,9.682120331273525e-05
18,-0.000443619454846236
19,0.0011573746392169472
20,-2.0438276546230685e-05
21,-0.0007345294450783412
22,9.528526361741396e-05
23,-0.0012047679678125907
24,-2.1913631855610414e-05
25,0.017683102365414715
26,-0.019164542533206035
27,-0.04549815501999232
28,0.043574520210856865
29,-0.0405135839003891
30,-0.012692598200969496
31,0.014738601476425875
32,0.09385661232453876
33,0.08935966242160696
34,-0.03365918238828081
35,-0.057130483539358005
36,-0.03933143833333929
37,-0.08804326119428407
38,0.006430229852483945
39,0.02793686173567471
40,-0.07708518168544239
41,-0.0697608196414279
42,-0.10406799090340894
43,-0.0588469032562061
44,-0.04314736194270911
45,-0.10849708730143238
46,0.10523716507460475
47,0.07159658565110233
48,0.07566882560032297
49,0.0979679332186061
50,0.08936680772974759
51,-0.013975125652308514
52,0.057756214231505544
53,-0.050615745641327786
54,-0.08619910624542405
55,-0.07287902814687675
56,-0.07003834805564682
57,-0.09202295878437554
58,0.005284666391377209
59,0.11938356126995897
60,-0.08657765681311416
61,-0.051314791026334
62,0.10672400243756253
63,0.08901141633065537
64,-0.0003976360018734214
65,0.031591437407324556
66,-0.021000015530266543
67,-0.09032189332283026
68,-0.08132970550900456
69,0.09505212984804526
70,-0.024691594635470153
71,-0.03308866635524452
72,0.027020759537639553
73,-0.06888831787610536
74,0.08833666134077386
75,0.024339308881752224
76,0.053458606345330416
77,0.018064674056097556
78,-0.011854211562490589
79,0.0969100241986826
80,0.05285342132532639
81,-0.0025091909171955453
82,-0.08744886726464113
83,0.08374318692094929
84,0.06477273020924233
85,0.11071129876606398
86,-0.02231916455307046
87,0.03372776679132069
88,0.011448259743152488
89,0.024123195493168263
90,-0.03940597010836135
91,-0.11293348431180782
92,-0.02482409300217965
93,-0.1088052814092399
94,0.06374165679114298
95,-0.11041204803928745
96,0.042092924671694655
97,-0.07046077973022952
98,0.11148489614836597
99,-0.033805877982145266
100,0.042945906212390424
101,-0.042321680173665624
102,0.10252089058460387
103,-0.021137825243030893
104,-0.05434788103958338
105,0.03351539819565698
106,-0.032338026570113455
107,-0.06559605873681239
108,0.10337029208509452
109,0.02296297014951305
110,-0.09139843203256438
111,0.06454582111545727
112,0.11705817456178884
113,-0.010894096151220611
114,0.0033176254400103175
115,0.11302188967841373
116,0.12834661287113572
117,0.0021305203053393566
118,0.022974418324070378
119,-0.09950793230160294
120,-0.005768731211077431
121,-0.06016131727915419
122,0.00322757975376059
123,0.03375851695665951
124,0.09832832735284294
125,-0.07661257017762237
126,0.07952325250866124
127,0.09905410857420716
128,0.05633876487728335
129,0.04605807640424971
130,0.03651830436244477
131,-0.09904867160432657
132,-0.08953041449447091
133,0.1080477652963599
134,0.08698035135355989
135,0.027336088377666556
136,-0.019895834660780008
137,0.07505398853100287
138,0.0020412455357553716
139,0.05007799778516758
140,-0.008061526343297265
141,0.118772852560753
142,-0.024276626583391636
143,-0.0699432681433642
144,0.010675108949343242
145,0.04493581016539485
146,-0.027661128104127786
147,-0.03361370107288419
148,-0.03883314221393217
149,0.05006706580704371
150,-0.05004918305747809
151,-0.05271727749144161
152,-0.11319960645166627
153,0.006958545891369286
154,0.0013497945612123722
155,0.05452577169004036
156,0.016304084575374418
157,-0.036849177770104824
158,0.0073372452448957
159,0.01638566687562154
160,0.09770192240567496
161,0.0945691821423415
162,-0.025301448477364992
163,-0.0736331616814577
164,0.06996811709445165
165,-0.07154254988619686
166,-0.10687505341640269
167,-0.06733427856509173
168,0.07490219021864589
169,0.061083845523118956
170,0.07402436528586166
171,-0.08864425072738018
172,-0.09826994497220815
173,-0.01078221910406272
174,-0.07272683762505115
175,-0.09811870223869369
176,-0.10140503324565109
177,-0.08800248025585593
178,0.10539473588807508
179,-0.03279808359508442
180,0.08877408109589159
181,-0.048729816445793994
182,-0.016427357634235827
183,0.0951651491170279
184,-0.07265950414753972
185,0.017219520081842403
186,0.06210674215575069
187,-0.00651937418328939
188,0.02925875128858709
189,0.06330981845068348
190,0.018604169476922956
191,-0.01361299274383407
192,0.014768911313568651
193,-0.10415742069670754
194,-0.033404049686700285
195,-0.08911839411854276
196,0.014419347007986236
197,0.05086354495884197
198,-0.07887895503203642
199,-0.11347307007933963
200,-0.04902481460353604
201,-0.10222219628480167
202,-0.032170049391485336
203,-0.12371331703731553
204,-0.01303478399981291
205,-0.014033250278483879
206,0.05870439448475469
207,0.10050994088482632
208,0.05503883787813843
209,-0.043559843261230934
210,-0.10387960293975748
211,0.09262105037007844
212,-0.016406264516383655
213,0.05254593986504029
214,0.0006935200297498931
215,0.0662165575850536
216,-0.05954889550997986
217,-0.09386334700027946
218,-0.06536847003735316
219,0.10452219976280942
220,-0.1298219777147941
221,-0.011447506455324741
222,0.03299355128434461
223,-0.0451063048579328
224,0.0729398249232988
225,-0.03042468172313275
