,0
0,-0.0007144653595768235
1,2.4133625029656603e-05
2,-1.4667765254564695e-05
3,-4.4398945421994026e-05
4,0.00012382179859946323
5,-0.0006119580177721709
6,3.455087783717956e-05
7,-0.0002278722382050071
8,0.00015681620180549386
9,-0.00014762670996437555
10,-0.00025140992910148175
11,-0.0001813439888854852
12,8.598057170037573e-05
13,0.0009343419924967257
14,4.386731025383508e-05
15,2.6789129098331433e-06
16,-0.00017473773095027346
17,0.0009452816707436157
18,6.473381630762378e-05
19,0.0002358126299400838
20,-0.00047065828729517706
21,0.0012260487489375931
22,0.0002498109814289909
23,0.0014774485222783513
24,0.00012943976699385124
25,0.05939834585187722
26,-0.08961698039119817
27,0.0194382656165328
28,-0.05762195604391599
29,-0.04956809790340213
30,0.06501332535882352
31,-0.07245030725606195
32,-0.08335671401223134
33,0.10487052975148876
34,0.006269979140175982
35,-0.05468731454416816
36,-0.10451644872273191
37,-0.11398537170810703
38,-0.08030661020606414
39,-0.009297615905921002
40,-0.005690215919395321
41,-0.021940858689068404
42,-0.027319232751560896
43,-0.09436577114240816
44,-0.06745404750167411
45,-0.010164423189807278
46,0.006301102891069961
47,0.07718022880544537
48,0.040665059233625796
49,0.108062593603077
50,-0.07599185663197382
51,0.0846317376415728
52,0.09962908647517177
53,-0.12341144559444417
54,0.0687040048832836
55,-0.1215403387818413
56,-0.1044660557859886
57,0.07674385572039455
58,0.08189098821107871
59,-0.020805180967415873
60,0.08673760544646889
61,0.0733786641990793
62,-0.03608834237184024
63,0.049208075946896544
64,0.10191837427669524
65,-0.11129550814526348
66,0.06608821461205484
67,0.042091366752233766
68,0.05291616782003824
69,-0.033300277729212194
70,0.07623309873988904
71,0.04989584605322154
72,0.02265487138129387
73,0.006336444931919566
74,-0.11415724755174983
75,0.049158151060636444
76,0.0094552119602686
77,0.11007529962477103
78,0.0009535880806834502
79,-0.11753402878176218
80,0.08294232062486206
81,-0.0010746316128796187
82,0.009890710671903221
83,-0.00671175760394334
84,-0.03356623698226895
85,-0.0030023133442355324
86,0.053772170449367544
87,0.013878819409758426
88,0.07882313323506543
89,0.05734340541144608
90,-0.01040095933272322
91,-0.022171571491275
92,0.08060014342429761
93,-0.05528980658730183
94,-0.08138146571713033
95,-0.11514350812769848
96,0.07542467914259941
97,-0.05999457334332194
98,-0.09342317579557065
99,-0.027674348032747705
100,0.04796874232254059
101,0.01835810458285013
102,-0.08197768829822501
103,-0.01474363508250539
104,0.02143006833673122
105,0.09965296366480715
106,-0.11609728258751646
107,-0.0807529690053005
108,0.0573371902462636
109,0.08998316735726147
110,-0.05185626459555758
111,0.015578992271215657
112,0.008018468214424403
113,0.001463368746740041
114,-0.01012329165676146
115,-0.06534396170065138
116,-0.1054012937722486
117,-0.06756962667790155
118,0.03984264167545169
119,0.025022505171806972
120,-0.05638979139787673
121,0.017096542934835913
122,-0.019771889043773822
123,0.09187033059776066
124,0.057071538926140856
125,-0.09087837346723486
126,-0.10158458038854994
127,0.06370127891633974
128,-0.06888502638799122
129,0.09734397311085653
130,-0.029132537352235508
131,-0.09295997158108456
132,0.039434961598417154
133,0.006565146197245672
134,-0.006214659686366716
135,-0.06262827504631886
136,0.11302446784256821
137,0.0361038647492544
138,0.08425192145530166
139,-0.009854059820559206
140,-0.06470974969910785
141,0.054062460998852965
142,0.0029194248705480953
143,-0.018863859275863176
144,0.014773617913913852
145,-0.0346890153609203
146,-0.02225722310411845
147,0.08004106135742273
148,0.022240641101166178
149,-0.09666181443743593
150,0.0956379542060908
151,-0.02037066927969597
152,-0.11819500984466258
153,-0.04219409081604543
154,-0.07185033307938755
155,0.05050349179734751
156,0.10909076185092331
157,0.0639397303303081
158,-0.007284056076527622
159,-0.08820993998184601
160,0.08890725212465202
161,-0.029511205163053715
162,0.018977685452546487
163,-0.07925636775523878
164,0.0602779870911867
165,-0.025813029798722745
166,0.05943591965921625
167,0.016225745784940605
168,-0.0046114522617838535
169,0.05296161531353747
170,-0.06605566202833468
171,-0.07694395394559168
172,0.07615596566312932
173,-0.06447939740925994
174,-0.07311895377773926
175,0.04804287357545731
176,-0.013211032744456215
177,0.08495915117086615
178,0.02446497893408487
179,-0.06604249676343743
180,-0.0851123908769443
181,0.08571967271901701
182,-0.0865674570845355
183,0.06691302438694705
184,0.06576475485269954
185,-0.032078627729406485
186,-0.08582802965527866
187,-0.06589941767789194
188,0.012736654203326921
189,-0.07692721706966771
190,-0.0782110825743853
191,-0.11413451027901765
192,-0.0015619507616442137
193,0.027730706714676995
194,-0.0927963664807863
195,-0.11810807474200326
196,0.02670591853848162
197,-3.27093632735308e-05
198,0.09858435098427339
199,-0.06676687480514532
200,-0.03781656472363991
201,0.0803203130337734
202,-0.04015845409538354
203,-0.04683081312695939
204,0.1163576295852116
205,-0.05927122766009885
206,0.11838264776625201
207,-0.06227824596513591
208,-0.015650173222150975
209,-0.11459836685273975
210,-0.003166480569801079
211,0.025902757406511816
212,0.010343945453129187
213,-0.018611035932261114
214,-0.10449422472698505
215,-0.0744177758832851
216,-0.004203056611748385
217,-0.02615824108137297
218,-0.09569577080257903
219,-0.03865521415480587
220,-0.03150149030705702
221,0.07013492218370301
222,-0.12177106458505432
223,-0.057914301447909
224,-0.12051754423887173
225,-0.05039604363646159
