,0
0,-0.0020422989396241837
1,-0.0026982232625597504
2,0.002097697329892061
3,0.0007926025396525778
4,0.0024160567750653667
5,8.15047774015581e-05
6,0.0003368799895479365
7,1.1196582997213865e-05
8,0.0013265660372929371
9,0.0023191984659151066
10,-0.0006638714509264122
11,0.0005899960219628815
12,0.0010247893209361695
13,-0.00435408631581442
14,0.0014385179152983428
15,0.0004643014844522062
16,5.078081785285165e-05
17,-0.0021601189394307198
18,-0.0006334512436385051
19,-0.0009885545895145006
20,-0.001784044611945018
21,0.0018606630186414706
22,0.001160249417041315
23,0.0015210274264564503
24,0.0006252149426592165
25,0.10032367591115138
26,0.0814813667784973
27,0.07775593269236748
28,-0.048588896703076485
29,-0.03585868989470378
30,0.015101072540015109
31,0.05970324235278701
32,0.048552744295828724
33,0.12341249162420488
34,0.11120503055235355
35,-0.07606861145741067
36,0.08944317344343489
37,-0.09210030519985256
38,-0.12835416310213255
39,0.017231440903858978
40,-0.029688417290873063
41,0.0018715165216596711
42,-0.01873560288584769
43,-0.07150040262207609
44,-0.09070559568083325
45,0.013299331151182432
46,0.08862606095775576
47,0.09440218625099
48,0.07742798640511361
49,0.05132627634912026
50,-0.098054023264436
51,-0.10044323775615747
52,0.08874145631832571
53,0.10502608400205353
54,0.12273443560334954
55,-0.10227015562115721
56,0.08342368348280058
57,-0.0807599520381617
58,0.0032425113307469923
59,0.10841925950199839
60,-0.00020656425841221113
61,0.08727073700947546
62,0.000883190442644859
63,-0.14527163359376372
64,0.014320101834314487
65,-0.04773834129053216
66,-0.08913031557644603
67,-0.03232304562507948
68,-0.07317836481086697
69,0.04525840335559899
70,-0.08637770208693224
71,0.03822298423766469
72,0.01432192607668725
73,0.06931175582750487
74,0.0619412486986595
75,-0.008780153831903677
76,0.08287729171647297
77,-0.09626721391148256
78,0.005593227947390284
79,0.04897855240770317
80,-0.03578528533993893
81,-0.057948655237453774
82,-0.10418311034954834
83,0.05849870631808013
84,0.035407450707028706
85,0.11687877736561857
86,0.08217246733988932
87,-0.03341531718326194
88,0.0593078292085374
89,0.09873259024658654
90,0.11833662473786148
91,-0.06613821924175285
92,0.07371670790875134
93,-0.0934295267945903
94,-0.037973225978498996
95,-0.08691145120948633
96,0.04501979227951059
97,-0.12145944571152273
98,-0.12344038806134049
99,-0.0135126899977486
100,0.08403588235549282
101,0.0932254552381057
102,0.06173666174648172
103,-0.13052334604510932
104,0.09702137873677581
105,0.1319090844192075
106,-0.1093241751147297
107,0.10353561665862808
108,-0.06907556755309344
109,0.044346423212334514
110,0.02094229963200604
111,-0.103909851887846
112,-0.04076139151806922
113,-0.09222188820646625
114,0.1292711085723298
115,0.07599128296626334
116,-0.07988897609763457
117,0.09458484496677563
118,0.09777041257540289
119,-0.022539514161290446
120,-0.04978946211569998
121,0.05839727935887601
122,-0.03882765140349182
123,-0.09986509485035366
124,-0.10408441138148088
125,-0.015767933640402673
126,-0.015245970070962877
127,0.04745609831764657
128,-0.021195187244573
129,0.051007927283487714
130,-0.0386011929213621
131,-0.004386609853401144
132,0.010472071478442603
133,-0.06176318165172425
134,0.09085463813877608
135,0.04530546968718343
136,-0.041247075386182774
137,-0.08335787226169487
138,0.07213861207771975
139,0.1025121949596813
140,0.05114851834764561
141,-0.06921348837160807
142,-0.07299465007283135
143,-0.031404278721160174
144,-0.017825169926678163
145,0.06726164413884785
146,-0.11292036604409302
147,-0.060550258965518515
148,0.00030735168017962376
149,-0.021686365349185634
150,-0.02603081237657297
151,-0.06120209023187947
152,0.038264832880209015
153,-0.060937370444084996
154,0.030086521915951642
155,-0.07162317058550534
156,0.07394098045637029
157,-0.04974301112105446
158,-0.03588524954852434
159,0.034874902534343166
160,-0.058226724494721833
161,-0.07645045600678804
162,-0.044684489172563194
163,0.05856175752625684
164,-0.11880486434962208
165,-0.08410272871334976
166,0.04888568240187806
167,0.1058344905125445
168,-0.04697379894100585
169,0.013525409430265912
170,-0.07797276831393131
171,0.05453352201069235
172,-0.09889209587262093
173,-0.10958014217939249
174,-0.0025041442022147985
175,-0.0107750473391214
176,-0.024935293999124582
177,-0.029750473330511402
178,-0.10584082179967264
179,0.056668962665479224
180,-0.05553396879718232
181,-0.025755527588319088
182,-0.10720294462867795
183,-0.05688531956672311
184,0.10900767693726444
185,-0.051468332643063615
186,0.08772970462585158
187,-0.11801981954416711
188,0.02941055490393419
189,-0.10016490847691518
190,-0.029663575932326717
191,0.00844934687605372
192,-0.0012195906964664186
193,-0.10112656931314008
194,-0.10603512654196626
195,0.01676636119355042
196,0.04105766664415929
197,-0.0723568322811009
198,0.04744094869137565
199,0.11531435655005193
200,-0.0438413328839517
201,0.10649944824642091
202,0.11858804332124778
203,-0.06746926534611129
204,-0.2704913927139512
205,-0.1259530406010942
206,0.20011393986004422
207,-0.24531153821613216
208,0.1297148023177731
209,-0.08158855235512893
210,-0.09508989830682424
211,0.028362012100031524
212,-0.20846494423213516
213,-0.07562994864378621
214,0.05939347625867887
215,0.029822571690690875
216,0.10396626013553618
217,-0.03162230911664973
218,0.08652005940671151
219,0.15471003381848888
220,-0.03843231636764578
221,0.012687318589748267
222,0.016218300726763633
223,-0.09430387414902926
224,-0.22603627083567032
225,-0.1489358351923993
