,0
0,-1.702454714607053e-05
1,0.0005446146143320237
2,-0.000358742740437909
3,-0.0006352706702924088
4,-0.0006096815310049627
5,-0.0011652637000797558
6,-0.0010982297740599553
7,-0.00022482781748420962
8,-0.0009567965340216971
9,-7.103962274651189e-05
10,-0.0010887037513160403
11,-0.001662352512073789
12,0.0007100833504576571
13,-9.874158063419988e-05
14,0.0013588089749918472
15,-0.00012411428834610053
16,-2.2325351079365833e-05
17,-0.00027201430329821993
18,-0.0005609567347230417
19,0.00012491350358249226
20,0.0017486143491218737
21,-0.0003199666086609675
22,0.0003939910793492002
23,0.00024717141835022254
24,0.0003108811662470549
25,-0.03443085522241916
26,0.050296701629711484
27,-0.004704981408553839
28,-0.051435196968170026
29,-0.04360348179691272
30,-0.06096671683370123
31,-0.037871594061558114
32,0.07984969606740504
33,0.030767839954966264
34,0.05448211935781811
35,-0.057461987445090755
36,-0.05622015393057328
37,-0.006202999675200214
38,0.11232738686466383
39,0.010930732441262397
40,-0.08513342714716592
41,0.016358687026405926
42,0.07746656255946717
43,-0.1028044457258899
44,0.09337211142173227
45,-0.05060973480637791
46,0.05197179434862931
47,0.0006811325074988325
48,0.10916985415832417
49,0.027984122448796667
50,0.06734649277072019
51,-0.01573481685418008
52,0.09869374165013056
53,-0.12115085868512505
54,-0.044418772223746364
55,-0.0819066028083231
56,0.01877813567369789
57,-0.04804336181676523
58,0.03481590735500174
59,-0.07035556919929184
60,-0.011701888329423614
61,-0.051554804248036074
62,-0.0052549470607694965
63,0.09188423007576506
64,0.03231484851375063
65,-0.009045196660182681
66,-0.11056030771130412
67,0.09417872874097676
68,-0.1089936667357094
69,-0.08346734650509866
70,0.03193266334506206
71,-0.11584094411801105
72,0.07433324478956375
73,0.07788695532064774
74,0.09065217959917918
75,-0.05960846694511635
76,-0.022186429899850816
77,0.058775806038255156
78,0.09468604718978434
79,-0.057416929901419646
80,0.10124903987460308
81,0.006751960114177129
82,0.06201311780950288
83,0.05425939122125314
84,0.07478002742569134
85,0.06317850855451057
86,0.0866408598900018
87,0.09983413577605814
88,0.04949256065237132
89,-0.029491773520450727
90,-0.08188959740099125
91,-0.041735186620146
92,0.1080923901742756
93,0.024546332238148717
94,-0.063884383588355
95,-0.06729857601590827
96,-0.10003343712631409
97,-0.08778843404688783
98,-0.006023264848817542
99,-0.009417518551473096
100,0.053222064800518123
101,0.07167602819215506
102,-0.06425474543852012
103,0.09909858290221583
104,-0.010662452311657286
105,0.08999536100733341
106,-0.07485114251960137
107,-0.11186760866516907
108,-0.08564844726532207
109,-0.11851000361419659
110,-0.056680551459517614
111,-0.0984765626325334
112,0.0514476663962561
113,-0.015860596232133872
114,-0.011552949897769189
115,-0.03406367390215158
116,-0.05513239387060972
117,-0.0788149389148427
118,0.07682390685642468
119,-0.028608440089123423
120,0.07254659999992852
121,0.10381798512518645
122,0.1143367709135278
123,0.07803860840091363
124,-0.04418577728254935
125,0.08434383288351074
126,-0.1041887924971784
127,0.03581083121318056
128,0.09404559770641256
129,-0.0360381107013788
130,0.05748684629969649
131,-0.09221121425851864
132,-0.01279756049324569
133,-0.03829793844126588
134,-0.08652590801163762
135,-0.05843178015596674
136,0.0898381911392317
137,0.013205057493115397
138,-0.08906640833892865
139,0.07271442745715408
140,0.11705853517605755
141,-0.052486320307282675
142,-0.0798534122412132
143,0.0224406372318839
144,0.07549661635448919
145,0.08107320206459454
146,0.023148922582704932
147,0.08390813216102895
148,-0.01772854939956835
149,0.11037637106270476
150,0.008744367960038293
151,0.0023647488938712577
152,0.08735346573922989
153,0.0858623748972625
154,0.05096015256724705
155,-0.04627210088665218
156,0.08466883150391523
157,-0.02374213923298779
158,0.10885574212414417
159,0.07268566787559019
160,-0.0644499795872054
161,-0.059524415861586466
162,0.09458656133095145
163,-0.013848811336324098
164,0.008719700752324332
165,0.012383228870242919
166,0.08731108983511834
167,-0.033469638098063886
168,-0.05028706678604607
169,-0.03267686123425594
170,0.0054963716095815605
171,-0.04452565941043651
172,-0.049641266198739833
173,-0.09839328408653901
174,0.0009096677458848952
175,0.0024674776282256608
176,0.03588933584564402
177,0.018730465505413973
178,0.07803541578776184
179,-0.015012644552920618
180,-0.0904440657602376
181,0.059743151949058965
182,-0.02024114994150926
183,0.11435271046858042
184,-0.0006478906744693327
185,0.08899940619009304
186,0.09209241623615354
187,-0.002024811793154286
188,0.08245254661922356
189,0.0732830781672984
190,-0.07232674334922208
191,-0.05572667811646273
192,-0.04594844099899981
193,-0.054877714438345035
194,0.03665239970792323
195,0.08738241164751281
196,0.0766475772348231
197,0.07814556234022656
198,-0.03865494907926067
199,0.01089831616306661
200,-0.05712363526758085
201,-0.048351361536873035
202,-0.05035772224335676
203,0.025406157733405488
204,0.09892179698151883
205,0.032955855892529376
206,0.06542196873211821
207,0.03238465509744413
208,0.023566266317367263
209,0.030991108693941713
210,0.01762340956657662
211,0.030021350473911572
212,0.09889303017526627
213,-0.0592305882124147
214,-7.932179064583378e-05
215,-0.1167582942640749
216,-0.0149598741827178
217,0.013953013738338512
218,-0.0034027683370274203
219,0.11689446528918192
220,-0.03144978939850526
221,-0.12498178730368034
222,0.04544077481588331
223,-0.16706816961942128
224,-0.14194488758537777
225,-0.12749423955845787
