,0
0,-5.046113354942061e-05
1,-0.0002701679427208443
2,4.521436398467444e-05
3,1.921527057561075e-05
4,-0.0002072218129910073
5,2.2743970375483965e-05
6,-3.0007915085637324e-05
7,0.0001689794472175403
8,-3.6921604653418766e-05
9,0.00022110429421066727
10,0.00019689216650537296
11,-2.93574776241067e-05
12,-0.00010411387094975872
13,-0.0009373426359068036
14,0.00022187060458117033
15,0.0007484278509664768
16,1.888759631188632e-05
17,-0.0009895584326603168
18,0.0003438826567292814
19,0.0008087688109283869
20,0.00013452484102948844
21,-0.00037874452954242166
22,1.7616865171508148e-05
23,0.001018898598256423
24,-0.0007147195132854718
25,0.06861695828967466
26,0.06814130916348199
27,0.07392858153093904
28,-0.04570763797154374
29,-0.02954772788406467
30,0.06723396373040691
31,0.08024620862558164
32,-0.0663911500958467
33,-0.02350478850156655
34,0.07397313798800255
35,0.109916078610351
36,0.10318268146179628
37,-0.017112092872642776
38,0.06061020485255126
39,0.021653069384902048
40,-0.06702955345693763
41,0.07839322127066645
42,-0.0913687112854792
43,-0.0830313183478571
44,-0.10552367496535962
45,-0.08981675856059242
46,-0.09306287247198777
47,0.11752864393858259
48,0.05108777817583178
49,-0.11071876738714502
50,-0.10673333455800292
51,0.09295571711917891
52,-0.08238333433222306
53,0.10139669080302567
54,0.04077356519712333
55,0.10902334579789573
56,0.08224768954999855
57,-0.060394636840649774
58,-0.0983523799306184
59,-0.07940538586665329
60,0.00871411497237094
61,0.07567846301722345
62,0.08865278223239097
63,-0.08963199250108203
64,0.07085621308740069
65,0.036230833047675284
66,0.11186944164463909
67,-0.028197703143870337
68,-0.06024806916253902
69,0.014221992830990307
70,0.043310535713018114
71,-0.008361205743738453
72,0.12144438740729402
73,0.002034173942787612
74,-0.05087777002285003
75,-0.04931377691507119
76,0.117062754788771
77,0.09961410134358199
78,0.0662056438916065
79,-0.013388514765386748
80,-0.08058658375788923
81,0.04142857586642108
82,0.10161351775128687
83,-0.019234949291251188
84,-0.028675468321838295
85,0.06613720599670524
86,0.07850141625355632
87,0.052468416298061475
88,0.005867058662659096
89,0.09600429791636057
90,0.08401316785544753
91,0.030155902809898456
92,0.07289214773012147
93,0.06634181517478549
94,0.10682427425766837
95,0.0800552247460078
96,0.004615649316251171
97,-0.03020820909223832
98,-0.0297604740163395
99,0.12014702533058061
100,0.06718190668061662
101,-0.12042605140166045
102,-0.0908204011899211
103,-0.041465316618153475
104,0.024991369462567595
105,0.09692361426478853
106,0.0009406588321625615
107,-0.0234415719380081
108,-0.09765131954010615
109,-0.008896568068171698
110,-0.018442540449549724
111,0.08739810406345641
112,0.0268626487395475
113,0.09610528521609042
114,0.0872990193101331
115,0.12366451234366838
116,0.04563956307030511
117,-0.0573138509502672
118,0.11856130166090417
119,-0.025905822759325278
120,-0.0819689476571106
121,0.09744299497381131
122,0.05756584824729722
123,0.036447336355715544
124,0.0339045376629434
125,0.013799994333750563
126,-0.0008653502285522025
127,0.0045573304735699776
128,-0.07112149700018376
129,-0.0360063706226703
130,-0.085638399276339
131,-0.07693835676745184
132,-0.08728900546599393
133,0.05137619471059869
134,0.05534464317619582
135,-0.0823150831782017
136,0.08132936265545994
137,-0.046743300146031466
138,-0.062495661170433384
139,-0.09205432149061975
140,0.0772078407538277
141,-0.06590405790365753
142,0.08082001083277443
143,0.11815340093690818
144,-0.061585957280636115
145,-0.029794467599368494
146,0.1076445651685266
147,-0.0688691789966585
148,0.10909184306528472
149,-0.02612367837961047
150,0.11003269537008586
151,-0.012789271126704685
152,0.02124663035105855
153,0.06600900770300222
154,0.010770262379490546
155,-0.10866112771315627
156,0.025057432600539862
157,0.07552195722482255
158,0.0953144629721853
159,-0.0464857281171685
160,-0.05949184803252381
161,0.014624829840667661
162,0.0007266523066025198
163,-0.04753843586747549
164,-0.004702225163229389
165,0.0394309985371851
166,0.0739939074013954
167,-0.07646985866256228
168,-0.019436834664063995
169,0.07027951387906177
170,-0.11034896925406551
171,-0.08121130101268305
172,0.10311615778128469
173,-0.11939441593426058
174,-0.06761933141103837
175,-0.01541478328879109
176,0.0859592180204394
177,-0.05396989063274068
178,0.04321799850046975
179,0.009990654213127777
180,0.10841707680864472
181,-0.018866552682901275
182,-0.04825255569107786
183,0.034699309980397525
184,-0.08156319882577595
185,0.09412017877648102
186,-0.026363264963983515
187,-0.07629272696313423
188,0.0014579950094055834
189,0.11109041784354473
190,0.030781496165593083
191,0.0748060561559961
192,-0.06534487714469221
193,-0.0724232666659071
194,-0.07389112326805843
195,-0.042906665771546795
196,0.07526765585853105
197,0.10643797569483965
198,-0.08724548983400696
199,0.07054650913718642
200,-0.030788286631774853
201,0.033567661264455415
202,0.021338641451571293
203,-0.028989889500672272
204,-0.07339158695276196
205,0.01253417835816113
206,-0.09072542628403317
207,0.035786026211648066
208,-0.07314190108583364
209,0.04601041890521697
210,-0.09955311572896626
211,-0.04402840682696928
212,-0.008177733073711883
213,0.030712611572011893
214,0.09776181448529984
215,-0.11347620923151609
216,-0.11229265531420728
217,-0.06865038233598342
218,0.08023330029737752
219,-0.04000788101626558
220,-0.12843455177365348
221,-0.03818683216040074
222,0.02329272250829623
223,-0.12074309534241245
224,-0.11785552003604977
225,0.10680481352274222
