,0
0,-3.496943320036098e-05
1,-0.00011316792107209915
2,-0.00028327118528690516
3,-6.155438342498183e-05
4,-0.00024900342611873847
5,1.013428105943306e-06
6,0.00020752118207666864
7,-0.00044048898651985057
8,0.0004421095409795381
9,0.0005231434187922332
10,-8.990886084472135e-05
11,0.0011154602824116385
12,-1.8433597456611264e-06
13,-2.3966370206217062e-05
14,5.454917677896469e-05
15,0.001028860094071679
16,-0.0004243614240722891
17,0.00041827361774990064
18,0.000522895797137194
19,-0.00028364119847650086
20,5.811537872364675e-05
21,6.546532086956029e-06
22,0.00020937438669422307
23,-4.6531786068557345e-05
24,0.0004881333586566797
25,0.07561484227733374
26,0.062326111762250336
27,0.008025039434509202
28,0.021939364668466296
29,0.11130104918932542
30,0.09787553426746715
31,-0.05645835863060578
32,-0.07126690822656459
33,-0.11161891563930836
34,-0.0284399552130334
35,-0.1069107051300095
36,0.005645695185155798
37,0.07503995424607464
38,0.11868847841096179
39,0.07625132592438313
40,0.020248705616909276
41,-0.06584476633278193
42,-0.10940823059170784
43,0.04845726246120053
44,0.050234563058171706
45,-0.020631112605847185
46,-0.02654708936643152
47,0.007074294990731985
48,0.07562679570020385
49,-0.023527496447259492
50,0.10513456824410317
51,0.05476985141713059
52,-0.01981079747603233
53,-0.10652717805341555
54,0.045423894677495226
55,0.11151956625763818
56,0.06553681079485686
57,-0.09273473700028287
58,-0.03203833529266063
59,0.10135257202114477
60,0.07928667990918742
61,0.021762391523299562
62,0.10094958220830857
63,0.09236360271114533
64,0.09549129270894172
65,0.0742675692700391
66,-0.08972340170133439
67,-0.00949773052312499
68,0.0729005299897452
69,-0.07250573258354073
70,0.04937021979769214
71,-0.10543523276256293
72,0.07054885298243208
73,-0.12077863716628547
74,-0.019880727144402303
75,0.11822315868301424
76,0.04607761076515967
77,0.05854990408707505
78,-0.0478951221774195
79,0.10292636518888675
80,-0.008081186426946167
81,-0.11841411858336062
82,0.09903700874596578
83,0.07498020858714831
84,0.0563026934527736
85,-0.07604043178911252
86,-0.1051182173051527
87,0.004064847358919522
88,-0.04112272158112163
89,0.024122247880518224
90,0.06736984533140947
91,0.07294821666047122
92,0.03886383987253753
93,-0.03033838133044428
94,0.07313266230709631
95,-0.09814391828298642
96,-0.06481121808361347
97,-0.05910701645004042
98,-0.0866812289691548
99,0.0266681921627575
100,-0.045828959498785134
101,-0.02068924657773652
102,-0.018077966619682334
103,-0.025864609745433836
104,0.013693741230301504
105,-0.09478254736298426
106,0.06599806749941034
107,0.10142628449133005
108,0.03966462534000629
109,-0.07964889467803334
110,-0.007381922720187209
111,0.10872521402879949
112,-0.003942439151514072
113,0.00669190429052897
114,0.049614148000141634
115,-0.1074051223608604
116,0.08202977368238158
117,0.06248277107912087
118,-0.11361142735175658
119,-0.06198116695753775
120,0.03494774673808987
121,0.010878502819421524
122,0.06515440256108511
123,-0.1073449578705363
124,-0.07072253877383868
125,-0.09824789931634623
126,-0.09186171824931547
127,-0.10402793208708278
128,-0.09225621079020203
129,0.04653598629884958
130,0.08463772071087244
131,0.10003938961815367
132,-0.09869101042356533
133,-0.10112578549652414
134,0.06758203174687828
135,-0.0747803215775252
136,0.0806066804612281
137,-0.06108592746145326
138,0.09063385022410014
139,-0.09812331351990405
140,0.04889650386377388
141,0.09064863644631636
142,0.07342290347699872
143,-0.07783485865376943
144,-0.03384733913962198
145,0.00326936292282758
146,0.030270903639783762
147,0.1012040417039211
148,0.008380510419942394
149,-0.11963131329990569
150,-0.08558313412945352
151,-0.09095754228139272
152,-0.08380461167380542
153,-0.09516584611041203
154,0.07523448569394478
155,-0.038554878067132405
156,-0.0852828194643315
157,-0.01704841023663253
158,-0.05555760007399297
159,-0.058863045944506504
160,0.06831358752248212
161,0.11910450145173632
162,-0.11928429462771324
163,0.10718415912648598
164,-0.0730368114532503
165,-0.10724968909357327
166,-0.10162082848766814
167,0.06030342195110375
168,0.08479437766504433
169,-0.11826938463395342
170,-0.057933076476144506
171,-0.0955702094982635
172,0.09128236577816731
173,0.028066873673104092
174,-0.07014831108553021
175,-0.09169541096675167
176,-0.016672377990915314
177,0.005280373006720896
178,0.07225969169491081
179,-0.037625650830915465
180,-0.11838529536786233
181,-0.08141027530273087
182,-0.03424987615800555
183,0.05000741390029194
184,0.0366201988715421
185,-0.02245679951735821
186,-0.06609472094535143
187,-0.08888428669335066
188,-0.050522567481974597
189,0.024426998836772226
190,-0.07197129188891616
191,-0.0005448428627244987
192,-0.05539045495089811
193,-0.006915676684554463
194,0.09583385912358831
195,0.06726251274245981
196,-0.11435486836186515
197,-0.0976549408105371
198,-0.06411076931594387
199,-0.10876020611115805
200,-0.028537354327380467
201,0.02892224953528101
202,0.0064754642136170895
203,0.02085373307036388
204,0.05649858051472489
205,0.05001118595964046
206,-0.040340813095590074
207,-0.0870805338980461
208,0.08661570307674536
209,-0.07623245123683167
210,-0.14704726514489996
211,0.015852798617154315
212,-0.13191621325759437
213,-0.021662348911980874
214,0.012802535227133066
215,-0.07970608018853231
216,-0.13217198532979238
217,0.09530094921504868
218,-0.04792362545216876
219,-0.09092962766065896
220,0.08570804823394791
221,-0.03510515704395045
222,-0.0242217183419666
223,-0.10541047527690031
224,0.10100385618446923
225,-0.10929941474270725
