,0
0,-0.0019748897611682535
1,3.955380625393732e-06
2,0.0008044583814174251
3,0.003616103653321129
4,0.0023387006188617405
5,2.9767602769241057e-06
6,-0.003833478480810831
7,-0.0001617077279387732
8,-0.003344860394376369
9,-0.00027288119003381284
10,0.0001128909686923921
11,2.832622317451385e-05
12,0.0013547683478443294
13,-0.0022129592439963635
14,-0.0001252647599969178
15,-0.0009785217762062794
16,0.0006084698758494212
17,0.0033515544704152255
18,-9.994439297523527e-05
19,0.0010859022045868316
20,-0.003322264870024619
21,-0.0027050511419821808
22,-0.0011312249802123606
23,-0.004020666496114898
24,0.00047170141273346057
25,-0.0778808225284453
26,-0.03950851638779944
27,-0.0977579653194815
28,-0.054024796669812435
29,0.06220769250912704
30,0.11188839416136868
31,-0.037999434865453256
32,-0.1152560416137223
33,0.06380437745099773
34,0.05532034076137783
35,-0.07731505754547557
36,0.1118992184501934
37,0.12198873303674758
38,0.05978813432474811
39,-0.08561051688743276
40,-0.05359269638484065
41,-0.022460483378255798
42,-0.08356213562750833
43,-0.05678374461815054
44,0.03133036829688485
45,0.050311218799221735
46,-0.0177922112889185
47,0.11866465301054785
48,-0.0936761030213339
49,-0.06179807777979845
50,-0.06894250726389217
51,0.12294640145926691
52,0.004596184966753226
53,0.14908955220822503
54,0.016989753969014358
55,0.11232713859546285
56,-0.15524421630651158
57,0.14004163221462262
58,-0.16839989351902435
59,0.12909206690534572
60,-0.10849247921434865
61,0.01561948977279498
62,0.09276913502527126
63,0.0871562997776102
64,0.07917253588897122
65,-0.027735674409058584
66,-0.029568339464583447
67,0.15388274553101372
68,-0.06877906083275474
69,0.06379029941699521
70,-0.16443215026963529
71,-0.09928456513580682
72,0.12143122147172618
73,-0.15149858688483978
74,0.09235425173949427
75,-0.02135536347689304
76,-0.02906838935195967
77,-0.06883905025758578
78,-0.00418107934703922
79,-0.10299680269812933
80,-0.05484324941093583
81,0.006290462329160688
82,-0.07002653067089197
83,-0.08313484368672286
84,0.033577745800435495
85,-0.06802777834428662
86,-0.07530902138542986
87,0.11609917196755777
88,0.012277633471577875
89,-0.08739033239204222
90,0.0068957647802251765
91,0.06157088431030443
92,0.030965542591841318
93,0.04452985862727188
94,-0.05711946888764351
95,0.016426187583174757
96,-0.09179660031565413
97,0.07839840529407832
98,-0.02163921370901179
99,-0.11134189138374762
100,-0.07711269876193029
101,0.03558548324892926
102,-0.23187327551336132
103,-0.1174437211896176
104,-0.09770049871752265
105,0.09754667788063084
106,-0.08485588911713776
107,0.007784223687030177
108,0.19914196788462213
109,0.09220362232637773
110,0.04928235062328795
111,-0.05731915895076877
112,0.09143872681111581
113,-0.2900007879683762
114,0.10182653018772181
115,-0.06353521351673823
116,-0.10681750293161774
117,-0.1653208133031332
118,-0.07667382542101521
119,-0.11504293854721426
120,0.1772813134835726
121,-0.07131106140882214
122,-0.059139545533396856
123,0.3235113026945863
124,0.07192558205607329
125,-0.038992441765976604
126,-0.04769226402651571
127,0.043098329277570645
128,-0.005224292531820921
129,-0.013217210643886892
130,0.06646243786137462
131,-0.06826442338992991
132,-0.04367697900524128
133,0.11131103901936605
134,0.08817306194961935
135,-0.07759691031994922
136,-0.059336283581698866
137,-0.10637414568119712
138,0.05705716335285755
139,0.005636342213695859
140,0.11484152116548133
141,-0.11431429388021784
142,-0.06142100853468592
143,-0.11769278968973268
144,-0.07410753717095168
145,0.008573509782127666
146,0.08122966698124304
147,0.1210373480369242
148,-0.005698572833994295
149,-0.06761405023380197
150,-0.06519071974728283
151,-0.06421804716978645
152,-0.020950852181423014
153,0.10676591020334762
154,-0.06716158948491871
155,0.029939976324102245
156,-0.0879829865190734
157,0.05070557555124523
158,-0.03356731090746687
159,-0.08434946473714058
160,0.09926381387383496
161,-0.060512651764469794
162,0.09772184880994515
163,0.04182642394873178
164,-0.014855414446133319
165,0.07876252491674858
166,-0.029140965162060755
167,-0.03311920909298654
168,-0.008321919746199315
169,0.06859304724459452
170,-0.04194987975203092
171,-0.028509460975391445
172,-0.0760104267251059
173,-0.06310485625086142
174,-0.08754769197721814
175,0.11669283787918595
176,-0.028610054052601284
177,0.01940541512514325
178,0.09066024471266351
179,-0.10216939706135639
180,0.07211539019547716
181,0.10768458075203302
182,-0.03427783600772349
183,0.11867761790169921
184,0.029385529318506687
185,0.03593069645022706
186,0.08667770538394828
187,-0.11488844024387151
188,-0.10951286959256568
189,-0.07458959162280566
190,0.00518731292366808
191,0.0022264169521998083
192,-0.015864303009193313
193,0.09767052675535319
194,-0.10876170075150483
195,0.04444838236258271
196,0.08386740645549327
197,-0.1098535639827277
198,0.012508859041165572
199,-0.021830756140979343
200,0.013255135574982717
201,-0.031558815098312036
202,-0.056807885462814005
203,-0.07979877146260299
204,-0.24485595428629242
205,-0.1305608822661165
206,-0.06441826601719351
207,0.05598014902918194
208,-0.06998431971812588
209,0.30968233709135207
210,-0.09898891248963251
211,0.11337073790047426
212,-0.14517734180866415
213,-0.028405654748065265
214,-0.2188572427245184
215,0.05238004675232385
216,-0.07449529495251314
217,-0.04994335373015204
218,-0.21067143813490263
219,0.0007909601329654476
220,-0.16909440482282223
221,0.29086838065538995
222,-0.023381694230093817
223,-0.1219184212994469
224,0.2305409203051976
225,-0.016350053559032948
