,0
0,0.040500161792163716
1,0.013296325033126012
2,0.06724705041994643
3,-0.035802306023358536
4,-0.038674747519876436
5,0.05840238628111544
6,-0.7019888237619707
7,0.05417204712056613
8,0.03146622789752237
9,0.26199562453994285
10,0.30550347379502546
11,-0.041474504702870126
12,-0.07957939240303341
13,-0.8723540128122339
14,-0.03822159147020669
15,0.05965435479409566
16,0.018661727884679534
17,0.06104181032676794
18,0.5207940880181633
19,-0.06398045123344198
20,-0.18811397951427766
21,-0.028732946558653664
22,0.5062042676210636
23,0.08177535649016815
24,-0.0394434453833837
25,0.0048607802690389815
26,-0.003974078952598214
27,0.22434684917533076
28,-0.09845991436182301
29,-0.027547358209495547
30,0.07816859791163006
31,-0.5266503641525531
32,-0.18919307184201625
33,-0.10234381490175908
34,0.0006540783655262753
35,0.26290064769911103
36,-0.016400518199107483
37,-0.09516272812165805
38,-0.5520350863677922
39,-0.04158774721097114
40,0.03991063545175442
41,0.04150707033170532
42,0.18443969754767642
43,-1.0628785162854355
44,-0.026150163750711972
45,1.437043510780552
46,-0.05951676647739776
47,0.3675839105181728
48,0.1618315918192392
49,-0.03007126243545978
50,0.29154614272502494
51,-0.09630535188651165
52,-0.053961514929723634
53,0.012382349537429642
54,-0.3120245398213511
55,-0.39528309913279935
56,0.4296300227603266
57,-0.4186793668409875
58,0.22131494022418416
59,-0.039496759839761406
60,-0.38297647457287615
61,-0.22615328477754298
62,0.17225010426182613
63,0.05591851779830822
64,-0.05224590089129801
65,0.08847990847623508
66,-0.013425918099167067
67,-0.05013509647467486
68,-0.00475209228193953
69,-0.04314843684328451
70,-0.024056757561484832
71,-0.17702611524439002
72,0.16739300899213833
73,-0.21356785263996128
74,-0.37502035755489577
75,0.0330994773356038
76,-0.0044973916985762835
77,-8.383697089294016e-05
78,-0.010003399568508315
79,-2.1353288841172873e-05
80,-0.20825031288884008
81,0.3127042052598596
82,-0.03962789555400658
83,-0.14322180733060091
84,0.36113217040412643
85,-0.18558627198168492
86,0.020909207859061887
87,-0.04385611057125497
88,-1.327006435425659
89,-0.025157279429317635
90,0.008662486206911634
91,0.012985901653535973
92,0.019274688371123155
93,2.023184079804603
94,0.0022862836334349807
95,-2.91459770774286
96,0.03536856226943683
97,-0.10199136369227092
98,0.13122729154345925
99,-0.003197613350818921
100,0.3942841981862771
101,0.07482176661096902
102,0.3999248344935211
103,-0.16967443116396544
104,-0.15122961344297933
105,0.1827498874406428
106,-0.03281039009941202
107,0.38903453104598906
108,-0.05906773901529839
109,-0.014150382223590966
110,0.039307958451641895
111,-0.14627183406954036
112,-0.09212638179388655
113,-0.004264620292545355
114,-0.22914005064212098
115,-0.00035023058194181113
116,0.22146258245990283
117,0.4874738001560745
118,0.0006596309372330397
119,-0.2918008871057269
120,0.008092852869794701
121,0.020397270113617607
122,-0.03880115656532636
123,0.36156082535655826
124,-0.14512368793943686
125,-0.12296661770066931
126,-0.018174336635903628
127,0.0707537860378083
128,-0.043048608344361576
129,-0.01938250929873227
130,-0.8965503379508196
131,0.8571517667575859
132,-0.06453287907477713
133,-0.26777599830586657
134,-0.3097186343122641
135,-0.5027551116053112
136,0.010356792173344422
137,-0.12087225798728773
138,0.5199145867744286
139,-0.013208938226834215
140,-0.02481646524165384
141,0.008891575394432466
142,0.080612863621623
143,-0.041123595575625206
144,-0.04511757599782724
145,-0.025063338222560887
146,0.004661547133005439
147,-0.8988847853016042
148,0.2536888672832629
149,-0.024604783951914778
150,0.005156606614776243
151,-0.007131065107522135
152,0.02537882902783433
153,-0.01946770796185631
154,0.01221502892639479
155,-0.18953221330793063
156,-0.4915985208807793
157,-0.09988046255382788
158,0.010414195496309784
159,0.045839389722195055
160,0.243287689955253
161,-0.014624053220220246
162,-0.022870834948777802
163,-0.12609207453306961
164,-0.04673452073857729
165,0.020072839138337004
166,0.036371023002716545
167,0.06938889894386709
168,-0.1608862908605482
169,-0.009557401989092459
170,0.43613160732988016
171,-0.02235389587250691
172,0.39237632177016796
173,0.2005264669231827
174,0.007600280753576192
175,0.007471700243713957
176,-0.003929963098839291
177,0.0025209281645941894
178,0.006028324750009567
179,-0.027466073464124337
180,-0.08808210224625107
181,0.21696542725320284
182,-0.026165700797033845
183,-0.022989628686932828
184,0.227625061499579
185,-0.001354717604272959
186,-0.015675409241771198
187,-0.04477676349640694
188,0.17469730652114276
189,-0.013371265699720983
190,0.003315033165276034
191,0.023391000510440848
192,-0.0044073716400842506
193,0.1776948020788759
194,-0.0022560273122610055
195,-0.4717610254308006
196,0.00722075943340909
197,0.27670542927056124
198,0.022278329784780282
199,-0.011654206187791394
200,0.24959828992094651
201,0.020329746397275503
202,0.0703320444288422
203,0.21948364493414171
204,-0.0568777180838031
205,0.00878479885788239
206,0.8924822658066237
207,-1.8573386890648174
208,0.37395526140015056
209,0.47588408473267907
210,0.7326559400864591
211,0.9794066508337903
212,0.03986365244847257
213,0.11667080559851925
214,-1.6943149003529476
215,-0.005088746954060594
216,0.01731172458165698
217,0.11592079339131384
218,0.40029304436827273
219,2.3590364192623685
220,0.001978006333272806
221,-3.3028486622030346
222,0.021464891251234575
223,1.4759228743709314
224,0.4686134598029502
225,-0.009699723651840754
