,0
0,0.04337250019064727
1,0.06215452051490376
2,0.03178566745061764
3,0.20533743621036846
4,-0.12915385309539018
5,0.017778163038194298
6,-0.1998047648198735
7,0.15187379496326633
8,-0.033243864673985594
9,0.4407376919002503
10,0.5511560632654712
11,0.20986010349081832
12,0.04338415634108555
13,-0.02828082454926794
14,0.025885566189565758
15,-0.02566177385084784
16,0.007136525154957104
17,0.02060607000665511
18,-0.6321431840066315
19,0.027981200208965995
20,0.16890777916185007
21,-0.16763067626160383
22,0.004016594374102586
23,-0.020690099873942772
24,0.14408842571571212
25,0.052851554937727106
26,0.08283951268129042
27,-0.11580623750312566
28,0.24653235461340384
29,0.05603830103726287
30,0.023700259190817165
31,-0.1892927641620501
32,-1.329772920303407
33,-0.0549035939448558
34,0.40319596572361205
35,-0.5077017714562733
36,0.25216515335038536
37,0.04096122657390737
38,-0.07900734583107427
39,0.011537501314736801
40,-0.05360946662616775
41,0.0008894882224908542
42,0.03656764006757718
43,-0.7663491144289387
44,-0.10588048687688417
45,0.18313323932231113
46,0.3996180049682776
47,-0.025930988966055602
48,-0.03742106327518146
49,-1.138332358328025
50,0.21639936059952147
51,0.13691081009899966
52,0.06100819419353827
53,-0.2120284526229575
54,0.3284270632215768
55,-0.1555166001651867
56,0.29505101703150644
57,0.025549443157492312
58,-0.17480374478505462
59,-0.4077145791550539
60,-0.09356556032309869
61,-0.23994152690196494
62,-0.011832221135854259
63,-0.18758719785574607
64,0.08892981488489503
65,0.03026449687540708
66,0.25411324248120665
67,0.03282078176802062
68,0.05737527167259727
69,-0.2612895350117178
70,-0.024273815596345012
71,-0.17728920795894146
72,0.07280034109877963
73,-0.015874512102917897
74,0.0239384451248572
75,0.06123696890203802
76,0.05803356702913579
77,-0.04884335158302374
78,-0.0734629110597623
79,-0.37840554533699966
80,-0.05388585941797764
81,0.11684872261384902
82,2.4458349489871782
83,-0.03328171734783188
84,-0.1881693403838006
85,0.6288723441840742
86,-0.1805304173819749
87,0.041095473782766734
88,-0.0115342871602258
89,-0.20363485304149198
90,-0.03103309528844698
91,-0.2193487158663403
92,0.021245965578179666
93,-2.0056072285380817
94,0.021233490451792195
95,-0.02521033525987586
96,-0.5697512623954449
97,0.01867196380545714
98,-0.018298387902860376
99,2.080079615167023
100,0.18948730370640385
101,0.24585080551810412
102,-0.4916574659470841
103,-0.028479164264142025
104,-0.5521591794991433
105,-0.02608040404230475
106,-0.024180429530830688
107,-0.007358432843760065
108,-0.21293571835615216
109,0.032382614022578186
110,0.12365430813463327
111,-0.018012154420615545
112,-0.04954967148055448
113,-0.19068041457281118
114,0.0986138399519093
115,-0.2637922025624717
116,0.016635838453944694
117,0.04808596746341842
118,-0.0029813008199898973
119,0.14465497499704943
120,-0.02474518577788673
121,0.23185469427798516
122,0.02006358325974893
123,-0.07733780289767254
124,-0.008775841188121209
125,0.011823574934032783
126,-0.017519470723415493
127,-0.07969803468773186
128,-0.3071293353853952
129,-0.3745105176487366
130,-0.06589324552786567
131,0.5177057835938456
132,0.10889318831173864
133,-0.02794194048467977
134,-0.8925900511984635
135,-1.1642820990752694
136,-0.35714144261276304
137,-0.11617412024006012
138,-0.02547843294138937
139,-0.09728082828983979
140,-0.04061867593970285
141,0.04566141723752663
142,0.026597384504861595
143,0.6299498913230079
144,0.04770247379049624
145,-0.290765764006675
146,-0.328325374044801
147,-0.0021165902478110787
148,-0.020318387464586633
149,-0.019884850941358223
150,-0.0008952745186998633
151,0.0030667563441184797
152,0.0014598351261795126
153,0.1367981059844783
154,-0.33221637639464263
155,0.000758792861789591
156,-0.17221126189435293
157,-0.3317749181110902
158,-0.03663580021423877
159,0.302845989089047
160,-0.3527327307611322
161,0.189564680300781
162,0.12594434073981264
163,-0.028467622748034778
164,-0.09426627853934799
165,-0.06616923987525535
166,-0.023533606743658186
167,0.011466359616612116
168,-0.34796237836749605
169,-0.062260333594913966
170,0.20698397295335227
171,-0.023706415995882524
172,-0.047559132568598526
173,-0.032802614570923094
174,-0.22607501000118868
175,0.0016317013712413447
176,0.011976872085885716
177,0.0843691681601092
178,0.06620008882039571
179,-0.17933521426560242
180,-0.0023663530997514747
181,0.006969931177363618
182,0.38554282877683244
183,-0.028918893533708245
184,-0.07563424317788082
185,0.2266446092807043
186,0.054483358004156136
187,0.05072359159775027
188,0.008649304833709272
189,-0.06315607031010846
190,-0.04230421231298515
191,0.05569027674971789
192,0.0016685421259957241
193,0.3894351208525307
194,0.002140279099058991
195,0.13622270827271557
196,-0.31686315088761474
197,-0.03406379712068438
198,-0.037955117625913276
199,0.2588142335213491
200,-0.0438304825447495
201,-0.03979776722110162
202,-0.11390111399699887
203,-0.4578122638089691
204,0.5756429112573004
205,-0.5652157843074485
206,0.20895164833538005
207,-0.8243427826302205
208,2.7626209937007653
209,-0.06658969134778639
210,1.2642497420859833
211,1.8526664404882052
212,0.7256919206566091
213,0.27516682355009237
214,-0.07135421500637529
215,-0.12792951851982542
216,-0.15668103624462137
217,-0.2681420030779538
218,-0.05451979245737078
219,-2.4137463157248154
220,0.08149059748011513
221,0.556343210529288
222,-0.6962846368745612
223,-0.18926786157551104
224,-0.05725191352894082
225,2.3678432378235232
