,0
0,-0.00047628531038441046
1,-0.004995787148266525
2,0.0023312338567014557
3,-0.0012548551601306818
4,0.003789137760479875
5,0.0003756670797469126
6,0.0015357253740483745
7,-0.001421416020799842
8,0.000670256513619837
9,0.006053975710233722
10,0.0007859548631666943
11,0.0034139544261399604
12,0.00041136735764330315
13,-0.00020475609294379267
14,0.003521468737277337
15,-8.390758970681461e-05
16,-0.002812819847488396
17,0.00030847450563528276
18,0.0006234072786300896
19,-0.00036705780193293386
20,7.61646489781342e-05
21,0.0008728139173592434
22,-0.0004407374101757324
23,-0.0004158078701626687
24,-0.0008158707255878972
25,0.06746025842827903
26,-0.04023391791404855
27,-0.050557392330825034
28,0.05824979773655248
29,-0.040178146447997304
30,0.07468201531602182
31,0.10744177673453513
32,0.024635668075638682
33,-0.0675297711603991
34,-0.046673709431706824
35,0.0022586091376007116
36,-0.006961327894625758
37,-0.11072405212127875
38,0.04016841489685485
39,0.11361318371559036
40,-0.04573017989750489
41,-0.12867634944251433
42,0.02289159419023757
43,-0.07459324770082677
44,0.09965066627750137
45,0.10039829840643653
46,0.10100957776521652
47,-0.08785084343241999
48,0.00010542581819664019
49,0.014170334340452046
50,-0.13707007168319707
51,-0.16775554459735054
52,0.0849620175977994
53,-0.13544623137573691
54,0.10034621370695707
55,0.09811960517503893
56,0.0017260531967348038
57,-0.09581636331028211
58,-0.062025743635097386
59,0.2010569935727611
60,-0.13053282603660293
61,0.15374505795646412
62,-0.026749528683120964
63,0.09297833075454282
64,0.16719764109551646
65,0.06029003136058994
66,-0.10642597986138527
67,0.07083172915862278
68,-0.13344475366957656
69,-0.07086192788897085
70,0.09711809591302974
71,0.10766642105855351
72,-0.09712897953853504
73,0.0531630319245481
74,0.018702777191466166
75,-0.056525558015193586
76,-0.10570081842307182
77,-0.07847589410619193
78,0.0151865703346447
79,-0.055214720688849764
80,0.028775319613636333
81,-0.1054657934813106
82,0.04815723508463776
83,0.061853725487415676
84,0.11135782553706859
85,0.0781376438405993
86,0.07112195015132519
87,0.1263167145564456
88,-0.11526836672946045
89,0.06781392948192692
90,0.013267671481957673
91,-0.047496490989439054
92,-0.02514271213996467
93,-0.09221326024690697
94,-0.07615813962877901
95,0.08660138792864105
96,-0.14334216303162647
97,-0.06601922413341528
98,-0.05349735480978495
99,0.1168713833149178
100,-0.02251119148017302
101,-0.12155844215236483
102,-0.4020842730685992
103,-0.056906842825451075
104,-0.035549334155629726
105,-0.24973124185749723
106,-0.10476727217691487
107,0.17024921294156567
108,0.07736004245295375
109,0.0716455568936531
110,-0.04268952090855068
111,0.12177793335383175
112,-0.009311619776041821
113,0.06010102271583074
114,-0.19497578115326886
115,0.03976283086977752
116,-0.010563229603438196
117,-0.3006362748728039
118,-0.052651710199840496
119,0.08916716531759675
120,0.026907996358361323
121,-0.06853264442287754
122,-0.11372855535100027
123,0.0824377437109255
124,0.0733878579210223
125,-0.1055717817607821
126,-0.03842323283189242
127,-0.015006439191034001
128,-0.11039859337064069
129,0.10772456578831022
130,0.07004415197234057
131,-0.04294737635761443
132,0.08800414530717954
133,0.05085887607453475
134,-0.0022888768146628966
135,-0.1051591829263572
136,-0.06664493934948972
137,-0.13137061748696446
138,-0.08739152370792232
139,-0.06226945426950198
140,0.04217618192414478
141,-0.13172290764520103
142,-0.05478271184957713
143,-0.11112198939818599
144,0.01016733403097548
145,-0.021648119980468842
146,0.06935163301964492
147,-0.04690269050315818
148,0.004101307511987072
149,-0.004643402467196329
150,-0.016535989879386228
151,-0.07000025102589054
152,-0.07505416558378343
153,0.09849415610131529
154,0.028486646305609167
155,0.06660269205924349
156,-0.05200293700981984
157,0.021022203265436988
158,-0.006050015723243326
159,0.03904791456119677
160,0.08899318078620558
161,-0.11121715870607761
162,-0.04664533254348603
163,-0.006160492030079315
164,-0.004833240149197691
165,-0.11763357866552096
166,-0.12074904502415847
167,-0.05435920738105642
168,-0.0028345856933107406
169,0.05685286319291313
170,0.09446129648047139
171,0.10560130880772496
172,-0.0012452945448121807
173,0.02596856516280292
174,0.010420926745963009
175,-0.0818102324879398
176,0.11417114123536694
177,0.05155048977886597
178,0.051482170462003735
179,0.01753073333323505
180,0.06706754008395885
181,-0.11179328597866228
182,-0.10911810012136122
183,0.07413615570817769
184,-0.0721535868098717
185,0.05374991835774224
186,0.0964303703136519
187,-0.018476213744082193
188,-0.08722928744186258
189,-0.0825722504132775
190,0.07659964588343711
191,-0.0982709479774796
192,-0.10339627341892241
193,0.04468072160673869
194,0.08926000444056018
195,-0.10128459980758088
196,0.05968916027281792
197,0.09264048118828785
198,0.07570945139265144
199,-0.017628097514267714
200,-0.03509505308761492
201,0.10812303865408095
202,-0.002557441344116153
203,-0.30623360641512665
204,0.07706030005341541
205,-0.17228341840716296
206,-0.3716185140004992
207,-0.07871872943945654
208,0.13004253756712647
209,0.1459731805578882
210,0.01687903492250518
211,0.12327653545862977
212,-0.08263751710041911
213,0.21851631651356174
214,-0.020274334617065404
215,-0.25750890323700987
216,-0.03735450144966744
217,0.23695628426826504
218,-0.2189102551477269
219,0.10438008424144242
220,0.17533541251294352
221,0.020360853075325865
222,-0.3292278202499521
223,0.05068990304783324
224,0.010781096579243138
225,0.03387446673386701
